543370
521595
301795
435712
508414
52260
321167
23562
577923
447748
290603
706960
237706
482078
35383
805580
154544
199018
144617
580706
888630
804748
306001
744997
91202
658163
112362
684268
149759
943594
869876
731257
409179
123556
679141
45642
490363
804420
156131
175328
470475
392624
643466
263748
321610
344015
438260
78015
535753
449292
516984
955009
193279
26665
862848
189386
796068
934374
978822
832561
417825
752858
485872
588729
892148
391371
708999
466208
42832
994108
251666
242386
244522
988364
615264
615144
319632
877400
531779
212211
458516
156363
449954
255490
33528
695139
976972
163509
41590
190118
723853
62599
192282
84677
114786
201332
407868
677014
99789
122186
481789
131798
155245
660295
860445
71342
832934
94006
405048
297773
878434
631790
521552
523566
694091
926139
884903
105931
800384
767768
714345
835669
716038
877984
557626
984173
813499
355702
598166
56175
724006
501448
722414
988430
417465
645078
755878
965936
313420
296983
836633
313508
460604
71596
680411
928238
779635
278208
754649
254817
550935
225164
639539
388175
333143
937938
461545
427794
123781
885267
768731
925911
81287
183128
966958
681047
737378
355767
84835
843221
173692
165999
12949
673317
133416
217178
10142
428230
400696
632752
392190
156441
753765
877294
962800
640781
436537
401693
255555
121519
107508
93480
588670
394204
291906
400960
424831
532084
408774
160288
860058
303544
955634
70388
992473
384204
413252
786363
730348
108234
370126
558137
510595
876451
860121
874992
161542
407533
648774
139502
614253
413587
849857
158605
286931
36117
693978
341608
109466
777172
496019
794299
202774
968203
769514
183515
752946
846184
873655
344984
253008
105044
166517
270354
540727
106072
322225
90570
625340
571054
181162
16632
276406
523813
990586
289363
890140
370372
765078
791967
144616
489684
921703
238940
538856
785821
685068
198871
692582
320814
66581
391600
998388
260805
724821
961766
527013
824317
735276
37936
810062
882111
739216
162747
531303
64008
735541
176317
304993
94515
537018
200705
787242
399155
568442
244789
172542
597804
383449
470533