3995 2665
3610 2514
3632 3018
3527 3464
3705 3200
3976 3339
3574 3111
3542 3223
3757 2517
3592 2592
3743 3183
3566 3235
3846 3267
3820 3269
3901 2672
3657 3204
3983 2707
3867 3349
3880 3279
3818 2765
3847 3003
3782 3067
3745 3353
3899 2594
3751 3161
3999 3117
3602 2650
3637 2886
3697 3241
3620 3030
3742 2933
3941 2585
3519 3396
3779 3020
3882 3473
3881 3447
3806 2725
3727 2767
3675 3076
3748 3488
3754 3170
3701 2577
3870 2653
3687 2615
3809 3126
3672 2538
3934 3271
3804 3229
3708 2981
3684 3116
3805 3218
3659 3484
3811 2777
3546 2708
3895 3168
3967 2731
3573 2971
3918 2786
3669 2906
3631 3441
3792 3438
3976 1989
3843 2579
3606 2737
3679 3231
3763 3340
3783 3188
3765 3462
3810 2677
3790 2762
3689 3013
3798 2661
3608 3163
3603 2977
3704 2850
3799 2883
3951 3180
3817 3121
3891 2838
3517 2887
3883 3182
3845 3174
3658 2766
3874 2855
3582 3027
3853 3327
3872 3011
3731 2876
3568 2516
3628 2847
3550 2680
3528 3444
3936 2716
3561 3499
3504 3406
3921 2613
3646 3270
3649 2890
3678 2715
3823 3035
3508 3211
3622 2956
3950 2996
3719 3371
3984 3362
3885 3151
3629 3094
3978 3100
3977 3451
3618 3341
3907 3384
3758 2692
3513 3181
3828 3081
3612 2502
3538 3318
3505 3196
3803 2806
3614 2936
3747 2743
3912 2532
3829 2554
3518 3388
3695 2973
3626 3334
3703 2720
3939 2697
3926 3088
3644 2805
3625 3308
3543 3420
3904 3390
3982 3358
3831 2747
3933 3419
3694 2529
3737 2771
3506 3276
3973 2545
3979 3194
3667 3374
3559 2748
3720 2632
3564 2791
3844 3485
3668 2605
3553 3426
3833 2704
3501 2706
3755 2935
3525 2844
3997 2799
3788 3023
10 10
3954 3321
3510 2590
3865 3316
3911 2870
3670 3139
3910 3239
3674 3227
3875 2928
3920 3127
3700 3700
3873 3140
3656 2875
3585 2831
3741 2852
3930 3021
3892 2524
3526 3479
3536 2668
3784 3141
3859 2643
3698 3295
3567 2501
3764 3177
3850 2950
3869 3001
3796 2797
3624 3149
3594 3048
3749 3065
3774 3038
3959 2951
3511 2588
3776 2945
3946 3077
3604 3491
3795 3478
3836 3167
3987 3179
3961 2503
3563 3391
3717 2547
3647 2544
3802 3386
3617 2921
3521 3178
3856 2961
3590 2593
3615 3135
3879 3040
3691 3309
3579 2801
3771 2623
3797 2854
3807 2541
3677 3107
3514 2835
3661 2628
3923 2699
3812 3361
3759 2815
3541 3283
3709 3378
3676 3317
3821 2675
3671 2647
3966 2940
3554 2635
3794 3452
3558 2898
3985 3238
3664 3493
3816 3165
3599 3089
3555 2780
3587 2711
3736 2616
3953 3273
3924 3450
3822 2943
3570 2735
3700 3702
3537 2645
3819 2970
3824 2913
3775 2535
3680 3214
3889 3487
3825 2618
3663 3428
3888 3123
3502 2568
3960 2729
3948 3160
3832 3192
3520 2611
3548 2987
3780 2891
3660 3099
3572 3232
3531 2816
3700 3701
3971 3405
3861 2540
3897 2567
3712 2918
3841 3068
3699 3221
3588 3054
3854 3296
7200 3601
3813 2744
3692 3073
3655 3106
3651 3162
3835 3297
3524 3342
3540 3246
3583 3097
3864 3220
3552 3251
3886 2914
3800 3285
3560 3087
3838 2871
3777 2669
3547 2869
3738 2861
3827 3281
3551 2739
3998 2646
3589 2656
3840 2910
3652 3012
3855 3366
3890 3367
3955 3185
3949 2546
3682 2580
3685 3287
3801 2895
3981 3372
3690 2846
3894 3137
3516 3303
7202 3602
3851 2688
3688 2979
3716 3071
3944 2718
3791 3315
3826 3477
3957 3289
3990 2894
3773 3455
3707 2746
3767 3329
3534 2595
3793 2920
3965 3015
3725 3260
3746 2671
3557 2954
3938 2836
3896 2798
3931 2942
3962 2865
3648 2533
3544 2673
3770 2795
3714 2685
3834 3403
3523 3343
3535 2637
3917 3351
3723 3262
3607 2982
3884 2500
3952 2843
3902 3057
3744 3017
3539 2900
3696 2617
3766 2659
3906 3028
3575 3205
3515 3310
3654 2909
3639 2967
3768 2770
3929 3122
3993 2809
3611 3415
3715 2760
3673 2813
3577 3348
3898 3008
3642 2851
3943 3324
3580 2817
3653 2667
3681 3259
3633 3132
3789 2955
3721 2808
3530 2985
3863 2758
3932 3402
3726 3043
3842 2776
3876 3306
3927 3300
3702 3496
3769 2698
3569 2596
3686 3025
3706 3129
3522 2880
3893 3302
3969 3115
3596 3104
3772 3173
3848 3118
3877 3434
3972 2734
3760 3375
3700 2857
3571 2859
3991 2923
3627 3010
3586 3377
3609 3187
3584 2966
3913 2941
3958 2558
3970 3468
3593 3437
3613 2812
3903 3033
3871 3124
3636 2785
3616 3052
3915 2576
3532 2572
3641 2810
3733 3032
3866 2964
3974 3474
3601 3336
3598 2965
3545 2702
3549 3026
3980 2781
3740 3236
3512 2756
3507 2864
3662 2624
3683 3114
3919 3469
3581 2959
3989 3435
3640 2505
3975 2520
3713 2975
3605 3476
3956 3208
4000 2751
3849 3332
3815 2997
7198 3600
3619 3369
3964 3082
3732 3090
3635 2888
3778 2543
3722 2768
3994 2867
3925 3039
3862 3414
3988 2778
3945 3201
3710 3265
3808 2991
3916 3274
3756 2980
3595 3095
3591 2963
3963 2962
3565 2884
3928 3075
3509 3036
3638 3456
3905 2527
3643 3411
3900 3053
3600 2652
3735 2749
3556 2849
3623 3146
3693 3206
3730 2603
3503 3323
3750 3312
3739 2521
3753 2534
3533 2528
3529 2693
3986 3049
3630 3184
3858 2819
3887 3119
3724 3352
3992 2733
3718 2582
3634 2657
3665 2856
3621 3175
3937 2874
3837 2877
3878 2828
3947 2834
3814 3005
3650 2601
3940 2552
3729 2908
3578 3234
3734 2972
3942 2575
3935 3042
3914 2531
3868 3113
3761 2893
3562 3449
3666 2989
3839 3051
3968 3275
3786 2904
3785 3425
3857 3154
3830 3209
3576 2511
3762 2548
3922 2825
3711 2994
3908 2569
3787 3346
3781 3409
3728 3423
3852 2824