1:4,7,2,2,9,9,2,9,4,8,1,1,6,9,4,6,5,5,9,4,2,8,3,8,5,2,7,7,6,3
2:1,2,7,6,6,7,9,2,4,2,1,7,9,1,3,5,3,7,3,8,2,4,3,8,7,2,4,5,1,9
3:4,5,7,8,7,6,2,9,3,4,2,9,6,5,7,1,1,3,2,5,9,2,4,8,6,5,8,6,6,4
4:1,6,6,6,6,3,6,4,8,6,7,7,2,8,3,7,1,5,9,2,9,2,3,7,5,5,2,1,3,5
5:3,4,9,8,2,4,6,9,4,6,5,1,5,4,4,5,8,1,9,8,2,2,7,5,2,3,1,7,1,1
6:2,7,2,7,7,4,5,8,2,9,8,7,1,7,8,4,6,8,1,6,2,9,4,1,8,1,8,6,3,4
7:5,7,8,3,3,2,9,8,6,3,1,2,9,4,5,9,4,6,9,1,4,8,5,8,8,3,3,9,9,5
8:6,4,4,6,8,9,3,2,1,3,2,2,8,7,1,2,7,1,8,4,6,4,4,2,2,3,4,8,1,2
9:7,9,5,7,7,8,6,1,7,1,6,3,6,3,5,9,3,4,2,5,2,3,4,1,2,5,4,5,7,6
10:9,5,7,2,5,9,7,2,9,5,6,3,9,8,1,6,9,6,9,4,9,6,6,7,3,4,9,1,1,6
11:5,2,4,4,9,9,1,8,9,5,8,8,9,1,6,7,1,9,4,8,2,7,3,6,1,5,4,4,4,4
12:8,5,1,9,2,8,6,7,1,3,9,1,7,1,7,6,1,1,6,8,2,4,2,9,5,3,9,5,5,7
13:7,2,3,7,7,7,1,5,4,1,9,8,3,2,7,4,7,7,2,4,2,2,9,2,7,5,3,8,7,6
14:5,6,6,7,3,7,3,8,4,3,1,9,3,9,9,2,9,9,2,1,7,5,3,5,3,2,4,8,2,3
15:1,2,7,6,6,7,9,2,4,2,1,1,9,1,3,5,3,7,3,8,2,4,3,8,7,2,4,5,1,7
16:7,2,1,4,5,6,2,4,7,8,5,8,9,9,1,1,3,4,7,4,2,1,6,8,8,3,1,4,3,7
17:5,4,2,4,1,5,5,3,1,2,1,4,8,2,4,1,1,8,5,7,1,2,8,3,9,2,9,9,3,9
18:7,9,4,2,6,5,4,5,5,6,9,2,5,9,5,9,6,9,5,6,2,6,7,3,1,9,6,2,5,1
19:9,7,2,3,6,3,1,9,6,4,7,6,7,2,2,7,7,6,1,3,3,1,2,3,6,6,3,5,2,9
20:8,6,5,2,2,3,7,7,8,9,8,5,6,5,9,1,3,9,7,1,4,1,4,3,4,3,4,6,8,2
21:7,9,4,2,6,5,4,5,5,6,9,2,5,9,5,9,6,9,5,6,2,6,7,3,1,9,6,2,5,4
22:9,7,7,1,7,7,3,5,3,6,4,6,4,2,4,5,1,3,9,6,1,6,1,6,8,5,5,6,1,2
23:5,2,4,4,9,9,9,8,9,5,8,8,9,1,6,7,1,9,4,8,2,7,3,6,1,5,4,4,4,4
24:7,9,4,2,6,5,4,5,5,6,9,2,5,9,5,9,6,9,5,6,2,6,7,3,1,9,6,2,5,1
25:2,8,7,5,6,6,9,9,1,3,1,6,4,2,1,9,3,6,1,3,5,1,3,5,5,5,8,1,3,1
26:5,2,6,8,2,5,8,7,3,3,1,6,5,6,2,9,7,9,9,6,8,6,1,8,2,7,9,1,5,5
27:9,8,5,8,3,8,2,4,1,9,1,7,1,6,9,2,9,8,6,6,2,7,4,5,9,3,1,9,6,6
28:7,4,6,4,2,8,7,7,4,2,5,8,3,5,9,8,9,1,3,8,3,4,4,6,5,8,4,6,2,6
29:1,6,6,2,6,3,6,4,8,6,7,7,2,8,3,7,1,5,9,2,9,2,3,7,5,5,2,1,3,8
30:9,3,9,9,2,2,5,9,4,2,4,5,3,6,7,7,9,2,2,3,7,8,1,8,1,2,5,4,2,3
31:9,7,2,3,6,3,1,9,6,4,7,6,7,2,2,7,7,6,1,3,3,1,2,3,6,6,3,5,2,8
32:2,8,4,6,4,8,6,8,1,2,6,8,5,8,9,5,1,6,8,7,7,8,5,5,3,1,6,2,6,2
33:6,3,4,8,4,4,7,4,1,8,9,8,7,8,3,8,4,5,4,2,9,5,1,1,2,7,9,7,2,7
34:9,7,9,7,5,3,8,9,5,1,9,2,3,8,7,3,6,2,9,7,1,9,4,9,1,1,6,3,7,3
35:1,9,3,1,4,4,7,5,9,7,7,9,8,7,2,8,1,8,4,9,8,3,1,2,1,8,5,8,5,7
36:1,8,4,6,2,9,5,4,5,7,7,3,1,4,2,3,1,6,3,4,6,3,4,2,5,2,3,1,7,7
37:7,4,3,2,5,5,6,6,9,4,9,8,5,6,1,7,1,8,1,1,7,7,1,2,2,2,6,2,6,4
38:7,7,6,3,3,9,7,1,1,8,3,4,2,3,8,8,4,9,2,5,3,2,1,3,9,8,5,5,5,3
39:3,1,3,6,9,5,4,5,9,2,5,3,7,9,8,7,4,6,9,8,3,9,7,3,3,1,8,8,6,6
40:9,8,4,4,2,7,3,3,4,6,7,9,9,3,9,9,3,5,3,6,9,2,7,3,2,5,2,6,4,3
41:3,9,9,1,7,6,8,5,9,1,6,1,5,3,9,1,6,5,3,4,5,9,4,9,8,9,2,2,8,2
42:6,3,1,9,3,4,5,9,3,4,1,2,8,6,7,8,9,9,4,5,4,4,9,5,9,4,5,4,8,7
43:9,1,1,8,5,7,5,6,8,8,3,2,3,5,4,9,7,2,9,9,3,8,2,3,6,8,1,4,1,9
44:7,2,1,4,5,6,2,4,7,8,5,8,9,9,1,1,3,4,7,4,2,1,6,5,8,3,1,4,3,9
45:5,2,6,8,2,5,8,7,3,3,1,6,5,6,2,9,7,9,9,6,8,6,1,8,1,7,9,1,5,5
46:8,5,5,8,6,1,9,6,1,3,3,8,8,1,7,1,2,1,2,9,1,9,5,5,5,2,2,2,9,8
47:3,1,3,6,9,5,4,1,9,2,5,3,7,9,8,7,4,6,9,8,3,9,7,3,3,1,8,8,6,8
48:3,2,1,4,9,7,3,7,2,8,7,9,5,1,1,2,5,9,5,1,7,1,2,3,8,4,5,2,7,7
49:7,3,2,5,9,5,9,6,9,7,7,7,6,5,2,1,6,5,5,2,5,1,8,2,1,1,1,8,1,2
50:4,7,2,2,9,9,2,9,4,8,1,1,6,9,4,6,5,5,9,4,2,8,3,8,5,2,7,7,6,1
51:4,6,7,4,1,6,6,3,6,2,1,9,6,2,7,3,2,1,4,7,6,8,7,8,4,4,9,5,6,3
52:4,8,5,6,3,6,6,1,8,1,2,1,3,2,5,9,1,6,5,9,3,1,7,6,1,5,2,9,9,1
53:1,7,7,4,7,5,6,7,5,5,9,1,7,6,2,7,7,9,5,2,8,3,1,1,8,6,1,9,6,9
54:3,6,5,5,8,4,2,3,8,4,9,5,3,3,9,2,7,4,9,6,5,3,7,4,4,7,8,5,5,8
55:7,2,4,4,2,8,5,2,7,7,2,4,6,2,9,2,9,5,7,9,9,9,9,3,6,1,7,5,5,4
56:4,3,7,5,9,7,9,6,2,3,4,6,8,8,5,3,9,2,7,6,6,9,8,7,6,6,3,6,8,7
57:9,8,4,4,2,7,3,3,4,6,7,9,9,6,9,9,3,5,3,6,9,2,7,3,2,5,2,6,4,3
58:6,3,1,9,3,4,4,9,3,4,1,2,8,6,7,8,9,9,4,5,4,4,9,5,9,4,5,4,8,5
59:2,4,5,1,4,9,2,1,1,1,7,1,8,7,6,2,7,9,8,5,4,9,8,6,9,6,7,5,8,8
60:3,9,9,1,7,6,8,5,9,1,6,1,5,3,9,1,6,5,3,4,5,9,4,9,8,9,2,6,8,2
61:9,8,4,4,2,7,3,3,4,6,7,9,9,3,9,9,3,5,3,6,9,2,7,3,2,5,2,6,4,3
62:2,8,4,4,9,5,7,9,9,7,3,7,9,8,2,4,6,1,2,4,8,6,8,8,8,9,4,4,9,7
63:2,7,1,4,9,5,8,2,2,7,8,6,7,2,7,7,5,7,4,7,5,7,6,6,7,2,5,6,8,4
64:2,6,2,9,5,8,1,3,4,4,4,3,5,4,8,2,4,8,6,7,9,8,7,3,9,3,7,3,4,1
65:1,6,8,8,7,7,2,9,6,6,5,4,4,2,9,5,9,5,6,8,3,1,2,7,6,2,6,6,3,8
66:8,5,1,9,2,8,6,7,1,3,9,1,7,1,7,6,1,1,6,8,2,4,2,9,5,3,9,5,5,7
67:5,2,6,1,8,2,4,5,8,9,3,2,9,9,9,4,8,8,5,7,9,7,2,7,7,7,2,7,9,1
68:1,2,2,5,1,6,5,1,6,1,3,1,3,4,5,9,7,5,7,8,4,7,7,9,9,3,1,2,5,9
69:9,8,5,5,4,9,2,9,3,8,4,8,2,4,2,2,8,6,2,6,6,6,9,9,1,6,2,4,7,8
70:1,3,8,2,5,4,1,8,8,6,6,5,8,1,5,3,7,6,6,6,1,1,1,8,6,1,4,5,4,4
71:5,1,4,2,8,2,6,8,3,8,6,2,3,5,6,9,6,1,3,4,5,5,5,2,2,8,2,9,6,8
72:6,5,7,4,9,6,1,8,9,9,8,9,9,3,7,4,8,6,7,9,2,9,1,5,1,6,3,4,3,1
73:6,7,4,8,7,1,9,7,1,9,6,5,3,1,4,3,4,6,8,3,1,9,1,2,2,1,8,2,7,1
74:8,1,7,5,3,3,1,3,3,7,9,8,3,9,2,2,4,4,5,4,9,4,2,6,4,8,2,9,2,5
75:7,4,1,5,2,6,3,3,8,5,8,1,8,1,6,7,8,9,5,9,5,3,6,6,8,4,3,1,1,7
76:7,2,5,4,9,1,5,8,9,6,9,9,6,4,1,1,1,7,4,1,1,8,9,1,2,3,8,1,9,6
77:8,3,5,2,7,3,7,1,1,9,2,3,6,1,2,7,8,9,3,2,8,3,6,4,8,5,6,5,4,9
78:9,2,2,9,4,9,3,2,1,2,2,2,8,4,6,7,8,2,9,4,5,3,8,3,4,3,3,5,6,4
79:7,3,2,5,9,5,9,7,9,7,7,7,6,5,2,1,6,5,5,2,5,1,8,2,1,1,1,8,1,2
80:6,1,7,2,5,4,8,7,8,3,7,4,6,4,8,8,1,4,3,5,4,4,3,9,8,6,2,8,3,9
81:3,5,3,2,7,5,3,8,7,3,1,2,1,4,7,3,6,3,5,9,1,8,3,9,6,6,4,9,4,7
82:7,9,4,4,8,7,1,6,8,1,9,3,5,5,8,2,9,8,6,3,5,2,4,3,8,4,7,8,7,4
83:8,5,2,3,9,1,7,3,7,4,6,3,6,7,8,1,3,9,1,7,7,8,3,6,8,6,3,8,2,4
84:6,3,4,8,4,4,7,4,1,8,9,8,7,8,3,8,4,5,4,2,9,5,1,1,2,7,9,7,2,2
85:9,7,2,3,6,3,1,9,6,4,3,6,7,2,2,7,7,6,1,3,3,1,2,3,6,6,3,5,2,9
86:8,2,1,1,9,1,9,4,6,1,2,8,1,2,9,8,2,4,7,9,2,6,1,4,1,7,1,9,6,7
87:4,6,7,4,1,6,6,3,6,2,1,9,6,2,7,3,2,1,4,7,1,8,7,8,4,4,9,5,6,9
88:9,5,9,8,8,9,3,7,5,3,6,6,1,4,9,8,2,5,8,3,3,4,6,1,7,7,5,2,7,1
89:8,6,5,2,2,3,7,7,8,8,8,5,6,5,9,1,3,9,7,1,4,1,4,3,4,3,4,6,8,2
90:7,3,8,3,8,6,6,4,1,8,5,5,7,1,9,9,6,9,7,2,8,1,8,8,9,4,6,8,5,7
91:3,2,6,7,7,9,9,4,9,5,3,7,4,9,6,8,4,1,1,9,2,1,8,8,1,9,1,1,7,8
92:9,2,1,4,6,3,9,4,1,1,9,8,1,3,5,5,5,8,5,1,5,6,4,6,3,4,9,5,9,4
93:9,5,9,8,8,9,3,7,5,3,6,6,1,4,9,8,2,5,8,3,3,4,6,1,7,7,5,2,7,1
94:4,2,1,5,6,1,7,5,4,3,6,1,5,3,4,1,2,8,5,1,8,9,3,7,1,7,7,3,6,3
95:4,7,5,4,5,3,6,2,2,1,5,9,3,6,1,7,6,1,9,4,7,7,2,3,6,9,1,3,2,6
96:2,8,7,5,6,6,9,9,1,3,1,6,4,2,1,9,3,6,1,3,5,1,3,5,5,5,8,1,3,8
97:3,4,3,2,9,7,7,7,5,5,9,6,6,4,7,3,3,3,2,2,9,8,5,4,6,6,1,6,7,1
98:6,7,4,8,7,1,9,7,1,9,8,5,3,1,4,3,4,6,8,3,1,9,1,2,2,1,8,2,7,5
99:4,5,3,2,7,5,3,8,7,3,1,2,1,4,7,3,6,3,5,9,1,8,3,9,6,6,4,9,4,7
100:3,6,5,5,8,4,2,3,8,4,9,5,3,3,9,2,1,4,9,6,5,3,7,4,4,7,8,5,5,4
101:2,4,3,9,6,1,6,3,8,7,1,1,4,3,9,9,7,2,9,3,6,8,6,1,2,1,3,2,7,2
102:1,4,9,1,3,6,3,4,5,5,2,7,7,3,7,7,3,2,8,8,3,1,7,1,1,1,9,7,7,3
103:3,4,9,8,2,4,6,9,4,6,5,1,5,4,4,5,8,1,9,8,2,2,7,5,2,3,1,7,1,1
104:4,9,2,5,1,8,8,7,9,4,2,9,2,8,9,5,9,6,6,1,5,9,1,1,2,4,6,2,4,3
105:1,2,9,7,8,7,8,5,1,9,4,9,8,9,4,2,8,5,3,6,6,9,5,6,6,7,9,7,2,5
106:8,5,5,8,6,1,9,6,1,3,3,8,8,1,7,1,2,1,2,2,1,9,5,5,5,2,2,2,9,4
107:5,5,2,3,6,9,2,9,3,7,7,7,8,6,6,4,9,5,9,2,6,3,8,4,7,5,5,8,8,7
108:3,7,8,3,5,7,5,9,8,8,1,4,4,8,7,4,3,1,6,3,7,2,4,6,5,3,5,9,8,1
109:9,2,9,2,7,7,8,6,8,5,6,1,2,8,7,3,6,4,4,3,4,3,3,2,8,1,8,2,8,9
110:2,2,9,2,5,2,9,4,3,3,8,3,3,5,4,9,5,3,5,6,7,7,9,9,9,3,7,2,7,7
111:4,7,8,8,8,5,1,2,3,6,6,7,2,8,5,2,8,8,8,3,8,7,3,3,6,8,9,9,3,8
112:6,6,1,6,5,1,3,1,6,4,8,7,7,5,9,6,7,2,6,2,8,8,7,6,5,9,9,7,4,2
113:7,2,3,7,7,7,1,5,4,1,9,8,3,2,7,4,7,6,2,4,2,2,9,2,7,5,3,8,7,1
114:7,2,5,4,9,1,5,8,9,6,9,9,6,4,1,1,1,7,4,1,1,8,9,9,2,3,8,1,9,1
115:7,9,6,1,1,5,9,7,4,8,2,3,3,2,9,8,2,1,5,5,6,6,6,7,1,2,3,6,5,3
116:5,4,2,4,1,5,5,3,1,2,1,4,8,2,4,1,1,8,5,7,7,2,8,3,9,2,9,9,3,1
117:6,6,1,6,5,1,3,1,6,4,8,7,7,5,9,6,7,2,6,5,8,8,7,6,5,9,9,7,4,5
118:2,7,8,6,1,8,8,1,2,2,7,4,7,8,1,8,7,4,4,8,5,9,4,8,1,8,8,4,3,6
119:5,5,5,7,5,4,5,8,9,5,7,9,1,7,2,3,1,6,1,9,8,9,7,9,9,3,3,5,6,9
120:3,4,6,1,9,5,4,4,5,4,7,7,3,4,2,7,6,1,9,4,3,9,7,1,5,5,3,5,9,5
121:6,6,1,6,5,1,3,1,6,4,8,7,7,5,9,6,7,2,6,2,8,8,7,6,5,9,9,7,4,5
122:2,8,4,6,4,8,4,8,1,2,6,8,5,8,9,5,1,6,8,7,7,8,5,5,3,1,6,2,6,2
123:8,5,8,8,4,8,9,6,1,2,9,5,4,8,5,8,3,3,6,3,4,5,6,4,6,4,5,6,6,2
124:1,1,6,7,3,8,7,4,4,7,9,5,7,7,3,9,1,8,2,5,7,3,7,6,2,8,8,8,4,1
125:1,7,4,3,3,7,7,2,2,1,3,6,7,5,4,9,1,8,8,7,7,4,4,6,4,6,6,4,8,5
126:8,4,9,5,9,9,6,1,4,1,8,2,2,1,1,6,5,5,7,2,8,6,7,3,5,2,4,7,9,5
127:7,5,9,9,2,2,6,2,7,7,6,9,5,8,8,9,7,5,8,8,8,4,1,2,5,4,2,8,2,9
128:7,7,6,3,3,9,5,1,1,8,3,4,2,3,8,8,4,9,2,5,3,2,1,3,9,8,5,5,5,3
129:9,6,1,2,9,4,3,8,7,8,7,8,2,7,6,4,7,1,9,3,8,9,5,2,4,8,6,8,3,3
130:3,2,1,7,3,8,2,3,9,1,5,5,2,9,8,2,9,1,7,9,7,9,8,7,1,6,2,3,3,9
131:7,4,6,4,2,4,7,7,4,2,5,8,3,5,9,8,9,1,3,8,3,4,4,6,5,8,4,6,2,6
132:9,1,1,8,5,7,5,6,8,8,3,2,3,5,4,9,7,2,9,9,3,8,2,3,6,8,1,4,1,1
133:6,1,6,9,5,2,7,4,4,5,4,1,3,6,2,7,6,3,7,5,8,6,8,5,5,6,2,6,1,3
134:3,3,5,4,9,8,2,9,7,7,4,7,3,9,7,3,7,5,5,8,8,8,9,7,1,5,4,5,7,8
135:8,6,9,1,5,5,5,6,7,5,3,3,5,5,4,4,1,6,3,9,8,8,4,8,7,3,2,9,3,1
136:3,9,9,1,7,6,8,5,9,1,6,1,5,3,9,1,6,5,3,4,5,9,4,9,8,9,2,6,8,6
137:3,9,9,3,5,6,6,7,1,6,5,3,2,1,9,3,3,8,5,3,9,6,8,3,6,6,4,7,9,5
138:2,4,1,8,8,2,9,6,3,2,7,5,3,1,2,4,6,3,1,3,6,4,8,6,3,7,2,8,3,4
139:1,8,4,6,2,9,5,4,5,7,7,3,1,4,2,8,1,6,3,4,6,3,4,2,5,2,3,1,7,5
140:5,5,6,4,8,3,4,8,9,9,9,9,1,9,2,5,6,2,4,6,8,3,5,5,4,7,3,8,9,4
141:1,2,7,6,6,7,9,2,4,2,1,1,9,1,3,5,3,7,3,8,2,4,3,8,7,2,4,5,1,9
142:6,3,9,9,5,5,7,6,4,1,3,9,2,2,8,2,5,8,8,2,2,3,7,6,3,7,1,4,4,4
143:1,6,8,8,7,7,2,9,6,6,5,4,4,2,9,5,9,5,6,8,3,1,2,7,6,2,6,6,3,5
144:9,7,9,7,5,3,8,9,5,1,9,2,3,8,7,3,6,2,9,7,1,9,4,9,1,1,6,3,7,5
145:7,2,4,2,6,2,9,9,6,8,9,2,2,8,1,3,5,8,3,1,4,6,6,4,4,4,3,7,1,5
146:9,5,6,9,7,6,9,6,2,9,1,7,1,2,6,6,2,2,9,5,3,1,7,6,9,5,8,5,6,7
147:9,5,7,2,8,3,8,4,4,3,3,4,7,2,6,3,4,5,6,4,9,9,4,2,7,1,2,2,2,9
148:4,3,3,3,6,5,5,2,7,7,3,9,5,4,6,6,1,6,6,9,3,6,1,8,9,4,4,7,6,1
149:3,6,2,9,5,2,4,3,4,9,7,7,1,1,6,2,1,2,3,4,7,7,8,2,3,7,2,3,3,1
150:1,6,4,2,6,6,3,5,2,9,8,8,8,7,2,1,1,8,9,2,1,8,5,2,7,8,4,6,7,5
151:8,7,1,9,9,9,9,3,3,2,2,6,1,7,5,8,8,7,2,7,7,2,9,8,5,1,2,5,8,7
152:7,7,4,6,2,1,5,8,1,9,6,5,3,6,2,2,5,8,2,1,4,2,5,3,1,2,1,1,3,6
153:7,3,8,3,8,6,6,4,1,8,5,5,7,1,9,9,6,9,5,2,8,1,8,8,9,4,6,8,5,8
154:2,6,1,5,5,2,3,2,2,3,6,7,9,9,6,7,1,5,5,7,1,1,2,1,5,1,1,4,7,4
155:5,2,4,8,3,2,7,6,9,8,5,3,6,6,3,6,2,6,2,2,8,7,6,1,5,5,4,5,6,8
156:9,9,2,3,2,8,2,7,8,7,3,3,2,6,5,3,1,4,8,5,8,7,9,3,8,4,8,8,4,8
157:2,2,6,9,5,3,8,3,7,7,9,1,5,2,3,3,9,1,5,6,3,8,7,1,3,1,5,1,3,9
158:4,3,7,5,9,7,9,6,2,3,4,6,8,8,5,3,9,2,7,6,6,9,8,7,6,6,3,6,8,7
159:8,5,8,9,4,4,5,9,9,8,9,5,8,2,1,7,5,4,8,8,8,6,9,1,1,2,1,2,8,4
160:4,3,3,3,6,5,5,2,7,7,3,9,5,4,6,6,1,6,6,9,3,6,1,8,9,4,4,7,6,3
161:5,7,3,8,8,4,8,6,9,9,2,6,9,2,7,9,3,3,5,5,8,6,3,5,3,5,5,1,6,6
162:3,2,8,3,3,5,4,7,6,9,3,9,4,7,7,7,9,5,6,2,4,6,4,5,7,9,4,2,7,4
163:3,3,2,6,7,8,2,3,7,1,3,2,2,4,2,6,4,9,1,2,2,9,5,7,9,7,9,8,8,5
164:7,7,5,9,8,2,4,2,3,6,8,4,2,9,3,4,5,8,8,5,3,5,2,1,7,1,6,7,7,9
165:7,9,4,4,8,7,1,6,8,1,9,3,5,5,8,2,9,8,6,3,5,2,4,3,8,4,7,8,7,3
166:1,4,9,1,3,6,3,4,5,5,2,7,7,3,7,7,3,2,8,7,3,1,7,1,1,1,9,7,7,3
167:4,1,3,8,3,7,3,9,8,4,9,8,1,4,1,5,6,1,4,1,2,7,3,2,9,1,5,5,3,3
168:9,6,1,2,9,4,3,8,7,8,7,8,2,7,5,4,7,1,9,3,8,9,5,2,4,8,6,8,3,3
169:5,7,8,5,5,9,8,3,3,2,3,6,8,2,4,8,8,3,7,9,6,8,3,6,9,3,9,4,7,9
170:1,2,7,4,9,4,8,3,1,1,3,1,9,3,2,8,8,8,6,6,9,2,9,8,7,2,7,4,1,5
171:2,8,4,9,9,6,1,5,3,3,4,8,7,7,5,5,2,8,1,5,9,6,9,8,9,9,3,9,5,7
172:6,5,1,8,6,7,5,1,4,1,1,2,2,3,5,1,3,6,3,2,4,4,6,8,7,8,4,4,9,6
173:4,6,8,9,2,9,4,6,3,6,2,6,4,6,3,8,3,4,8,7,5,4,3,4,8,1,6,4,6,1
174:1,8,4,2,4,2,6,3,2,5,5,6,6,6,5,6,1,4,2,4,3,3,1,2,9,9,4,2,1,2
175:6,3,4,4,1,2,3,8,6,9,5,4,9,5,9,5,2,5,3,6,8,9,4,5,9,1,7,1,8,9
176:9,1,1,5,4,3,9,5,4,6,4,9,9,1,4,3,8,6,4,6,7,9,2,2,8,1,2,3,8,7
177:2,6,8,7,2,6,5,8,1,3,4,4,4,7,2,8,8,6,1,5,9,2,7,9,5,8,5,9,2,7
178:3,9,9,3,5,6,6,7,1,6,5,3,2,1,9,3,3,8,5,3,9,6,8,3,6,6,4,7,9,2
179:5,1,9,6,1,1,3,3,1,8,9,3,9,5,7,3,1,4,6,6,1,3,9,5,7,9,3,6,1,2
180:4,5,7,8,7,6,2,9,3,4,2,9,6,5,7,1,1,3,2,5,9,2,4,8,6,5,8,6,6,9
181:9,3,5,3,6,9,9,9,9,4,5,8,6,8,5,5,6,8,2,8,2,9,9,4,9,4,4,4,3,3
182:6,9,2,1,2,4,2,8,9,8,8,4,4,8,7,8,9,3,2,8,7,3,8,6,5,8,5,1,8,8
183:1,2,4,7,8,7,8,5,1,9,4,9,8,9,4,2,8,5,3,6,6,9,5,6,6,7,9,7,2,5
184:4,6,7,4,1,6,6,3,6,2,1,9,6,2,7,3,2,1,4,7,6,8,7,8,4,4,9,5,6,9
185:7,7,1,9,3,2,1,5,5,6,2,4,9,8,8,7,4,7,9,3,9,5,8,7,7,4,5,3,3,9
186:9,1,6,8,1,5,3,1,1,3,2,2,4,6,9,6,1,2,9,1,1,4,6,1,7,8,4,1,1,1
187:4,5,7,8,7,6,2,9,3,4,2,9,6,5,3,1,1,3,2,5,9,2,4,8,6,5,8,6,6,4
188:4,4,3,3,1,7,4,2,6,1,8,5,9,7,9,8,2,4,4,2,6,3,2,9,4,2,9,3,9,9
189:7,9,4,4,8,7,1,6,8,1,9,3,5,5,8,2,9,8,6,3,5,2,4,3,8,4,7,8,7,4
190:5,1,4,2,8,2,6,8,9,8,6,2,3,5,6,9,6,1,3,4,5,5,5,2,2,8,2,9,6,6
191:1,7,7,4,7,5,6,7,5,5,9,1,7,6,2,7,7,9,5,2,8,3,1,1,8,6,1,2,6,9
192:6,7,4,5,2,9,4,7,2,6,2,3,4,5,5,2,8,7,1,1,5,5,1,1,2,3,8,9,9,3
193:8,5,5,8,6,1,9,6,1,3,3,8,8,1,7,1,2,1,2,9,1,9,5,5,5,2,2,2,9,4
194:8,1,3,9,2,9,3,1,6,2,3,2,4,4,3,1,6,1,7,3,8,1,9,3,3,7,7,7,1,6
195:9,1,9,7,5,2,9,4,8,2,4,1,7,5,1,6,7,3,5,2,2,9,5,4,4,3,9,2,5,3
196:4,4,9,5,6,6,6,1,9,3,9,3,6,1,7,8,4,5,6,3,2,2,5,4,7,9,9,9,1,4
197:9,9,4,2,8,1,6,4,3,3,9,3,2,7,3,4,5,1,7,4,5,4,4,9,8,4,4,3,9,7
198:8,1,4,7,8,1,8,7,3,3,3,3,8,3,7,5,1,9,2,2,5,9,8,6,4,8,7,5,8,9
199:3,1,4,6,5,6,9,7,8,1,8,5,9,6,9,5,1,5,8,5,5,4,9,4,5,4,2,4,9,6
200:3,1,4,6,5,6,9,7,8,1,8,5,9,6,9,5,1,5,8,5,1,4,9,4,5,4,2,4,9,6
201:9,3,2,6,2,1,1,4,5,5,3,7,6,2,8,2,8,9,2,4,2,9,2,9,7,8,1,9,3,1
202:6,3,1,9,3,4,5,9,3,4,1,2,8,6,7,8,9,9,4,5,4,4,9,5,9,4,5,4,8,5
203:7,5,9,9,2,6,7,6,4,6,8,4,3,3,2,4,6,3,3,8,2,7,8,2,3,8,5,4,7,3
204:1,4,5,3,6,1,3,1,1,9,9,1,4,9,7,2,3,9,7,1,7,9,1,3,6,7,5,8,6,7
205:4,7,2,2,9,9,2,9,4,8,1,1,6,9,4,6,5,5,9,4,2,8,3,8,1,2,7,7,6,3
206:3,6,3,3,6,4,3,9,6,8,6,3,8,6,7,3,8,2,9,7,4,4,8,3,9,8,2,9,3,6
207:5,7,8,5,5,9,8,3,3,2,3,6,8,2,4,8,6,3,7,9,6,8,3,6,9,3,9,4,7,9
208:6,5,1,8,6,7,5,1,4,1,1,2,2,3,5,1,3,6,3,2,4,4,6,8,7,8,4,4,9,6
209:3,4,9,2,2,4,6,9,4,6,5,1,5,4,4,5,8,1,9,8,2,2,7,5,2,3,1,7,1,1
210:4,8,5,6,9,6,6,1,8,1,2,1,3,2,5,9,1,6,5,9,3,1,7,6,1,5,2,9,9,7
211:5,1,9,6,1,1,3,3,1,2,9,3,9,5,7,3,1,4,6,6,1,3,9,5,7,9,3,6,1,6
212:2,4,1,8,8,2,9,6,3,2,7,5,3,1,2,4,6,3,1,3,6,4,8,6,3,7,2,6,3,2
213:6,1,7,2,5,4,8,7,1,3,7,4,6,4,8,8,1,4,3,5,4,4,3,9,8,6,2,8,3,9
214:6,5,1,8,3,2,9,5,8,7,8,1,1,6,6,8,8,9,9,5,7,5,2,6,4,6,6,2,6,9
215:5,1,9,6,1,1,3,3,1,2,9,3,9,5,7,3,1,4,6,6,1,3,9,5,7,9,3,6,1,2
216:6,8,8,2,2,6,2,2,6,3,2,5,1,4,9,2,4,8,7,8,4,3,8,8,7,4,9,6,5,5
217:8,1,7,5,3,3,1,3,3,7,9,8,3,9,2,2,4,4,5,4,9,4,2,6,4,8,2,9,2,9
218:3,5,5,6,1,8,6,9,5,2,3,5,8,7,9,4,5,2,2,4,5,9,5,8,4,9,4,7,9,1
219:4,1,3,3,3,7,3,9,8,4,9,8,1,4,1,5,6,1,4,1,2,7,3,2,9,1,5,5,3,3
220:3,1,4,6,5,6,9,7,8,1,8,5,9,6,9,5,1,5,8,5,5,4,9,4,5,4,2,4,9,7
221:4,5,5,3,2,8,6,2,9,4,5,2,3,2,8,4,9,4,6,1,9,1,3,4,5,3,4,9,7,9
222:1,6,6,6,6,3,6,4,8,6,7,7,2,8,3,7,1,5,9,2,9,2,3,7,5,5,2,1,3,8
223:9,3,5,3,6,8,9,9,9,4,5,8,6,8,5,5,6,8,2,8,2,9,9,4,9,4,4,4,3,3
224:4,2,2,4,4,5,6,6,3,2,3,8,3,6,9,8,5,6,5,7,4,2,8,6,3,7,2,6,5,7
225:1,5,5,3,8,7,2,1,7,5,9,4,3,6,7,7,8,9,3,7,5,9,8,6,1,8,9,5,3,7
226:4,7,5,4,5,3,6,2,2,1,5,9,3,6,1,7,6,1,9,4,7,7,5,3,6,9,1,3,2,7
227:7,2,8,2,8,1,9,8,9,2,6,8,1,4,1,3,9,8,8,7,5,3,2,9,5,7,5,6,8,6
228:6,3,4,8,4,4,7,4,1,8,9,8,7,8,3,8,4,5,4,2,9,5,1,1,2,7,9,7,2,2
229:4,8,4,2,4,9,3,7,2,6,8,7,4,4,9,3,1,2,2,6,3,7,5,6,7,9,3,9,5,4
230:7,5,3,5,4,9,7,3,3,9,7,9,1,4,5,1,9,3,4,4,8,9,6,9,7,2,9,9,7,9
231:3,7,3,9,2,9,9,9,4,8,8,7,4,6,3,8,7,6,4,7,9,4,2,6,4,7,8,1,9,1
232:8,4,1,5,6,7,4,6,1,1,9,8,1,8,8,6,5,8,3,2,1,7,6,9,3,5,9,2,8,1
233:4,4,9,5,6,6,6,1,9,3,9,3,6,1,7,8,4,5,6,3,2,2,5,4,7,9,9,9,1,7
234:9,6,1,2,9,4,3,8,7,8,7,8,2,7,5,4,7,1,9,3,8,9,5,2,4,8,6,8,3,5
235:8,5,1,9,2,8,6,7,1,3,9,1,7,1,7,6,1,1,6,8,2,4,2,9,5,3,9,5,1,7
236:2,2,3,4,6,5,3,3,3,1,4,3,4,7,1,3,6,2,9,2,1,9,7,3,1,8,4,8,5,5
237:3,3,1,2,4,9,5,1,5,7,7,5,9,7,2,9,8,9,9,6,6,3,9,7,8,3,7,8,8,7
238:1,9,3,6,9,7,4,6,1,7,7,3,1,1,8,9,5,3,4,7,8,7,2,9,4,5,1,9,6,4
239:5,6,6,7,3,7,3,8,4,3,1,9,3,9,9,2,9,9,2,7,7,5,3,5,3,2,4,8,2,8
240:7,6,4,8,6,8,2,9,2,5,5,4,7,7,3,9,3,1,8,7,2,9,8,7,5,8,2,7,7,4
241:8,2,1,1,9,1,9,4,6,1,2,8,1,2,9,8,2,4,7,9,2,6,6,4,1,7,1,9,6,7
242:3,6,2,9,5,2,4,1,4,9,7,7,1,1,6,2,1,2,3,4,7,7,8,2,3,7,2,3,3,1
243:2,6,4,4,6,9,5,1,6,9,4,1,7,2,2,5,9,9,2,1,4,2,4,2,2,1,1,3,8,6
244:1,3,6,6,7,1,3,2,8,3,1,9,9,3,2,2,4,3,1,9,6,2,9,9,3,2,6,7,6,2
245:9,6,1,3,7,5,6,7,1,8,7,8,4,7,2,1,4,9,1,4,3,7,6,2,1,8,7,4,4,5
246:5,4,5,5,7,5,3,4,2,4,4,7,3,8,7,4,5,6,5,3,1,9,5,3,7,2,3,7,8,4
247:9,8,5,8,3,8,2,4,1,9,1,7,1,6,9,2,9,8,6,6,2,7,4,5,9,3,1,2,6,1
248:3,3,5,4,9,8,2,9,7,7,4,7,3,9,7,3,7,5,5,8,8,8,9,7,6,5,4,5,7,8
249:1,1,3,5,4,6,9,1,3,2,6,6,7,1,2,4,8,9,6,3,7,3,8,8,6,4,1,9,7,4
250:4,7,5,4,5,3,6,2,2,1,5,9,3,6,1,7,6,1,9,4,7,7,2,3,6,9,1,3,2,7
251:1,4,3,5,8,9,8,5,3,7,3,9,7,5,8,4,1,8,1,3,3,8,1,3,4,4,2,5,9,6
252:7,8,4,6,5,6,9,7,2,3,5,8,2,3,1,6,8,8,3,4,1,9,3,3,7,7,7,9,6,1
253:9,7,1,2,7,4,7,3,8,8,9,2,6,4,5,3,7,4,6,8,5,4,7,4,5,3,4,9,3,3
254:9,1,9,7,5,2,9,4,8,2,4,1,7,5,1,6,7,3,2,2,2,9,5,4,4,3,9,2,5,5
255:2,4,5,6,1,8,6,3,2,3,9,1,5,3,4,3,2,2,8,6,4,7,3,3,6,8,7,6,3,6
256:9,4,9,9,2,2,5,9,4,2,4,5,3,6,7,7,9,2,2,3,7,8,1,8,1,2,5,4,2,3
257:9,5,7,2,5,9,7,2,9,5,6,3,9,8,1,6,9,6,9,4,9,6,6,7,4,4,9,1,1,6
258:9,5,7,2,5,9,7,2,9,5,6,3,9,8,1,6,9,6,9,4,9,6,6,7,3,4,9,1,1,6
259:1,6,8,8,7,7,2,9,6,6,5,4,4,2,9,5,9,5,8,8,3,1,2,7,6,2,6,6,3,8
260:8,8,8,3,8,3,8,4,4,7,6,1,2,3,2,6,1,6,6,8,1,2,1,5,1,5,3,9,9,2
261:2,3,3,5,3,1,7,2,5,6,8,6,9,9,2,1,2,9,5,2,4,4,3,1,2,2,7,5,3,4
262:8,7,4,7,3,5,7,9,6,5,3,4,5,7,7,9,6,5,4,7,4,6,7,8,9,4,6,6,5,8
263:3,9,9,3,5,6,6,7,1,6,5,3,2,1,9,3,3,5,5,3,9,6,8,3,6,6,4,7,9,5
264:2,3,3,1,7,4,7,7,7,1,7,8,6,8,6,6,9,2,6,4,2,3,2,6,2,8,6,4,4,7
265:9,3,2,6,2,1,1,4,5,5,3,7,6,2,8,2,8,9,2,4,2,9,2,9,7,8,1,9,4,1
266:3,2,8,3,3,5,4,7,6,9,3,2,4,7,7,7,9,5,6,2,4,6,4,5,7,9,4,2,7,4
267:9,4,7,6,1,9,5,5,1,8,7,5,2,5,9,1,5,3,9,1,4,8,3,1,7,6,5,7,4,6
268:5,1,4,2,8,2,6,8,3,8,6,2,3,5,6,9,6,1,3,4,5,5,5,2,2,8,2,9,6,6
269:7,7,5,9,8,2,3,2,3,6,8,4,2,9,3,4,5,8,8,5,3,5,2,1,7,1,6,7,7,9
270:9,3,5,3,6,8,9,9,9,4,5,8,6,8,5,5,6,8,2,8,2,9,9,4,9,4,4,4,3,6
271:2,8,6,5,6,6,9,9,1,3,1,6,4,2,1,9,3,6,1,3,5,1,3,5,5,5,8,1,3,8
272:5,6,6,7,3,7,3,8,4,3,1,9,3,9,9,2,9,9,2,7,7,5,3,5,3,2,4,8,2,3
273:9,3,6,9,7,1,1,5,9,4,9,4,9,7,3,3,7,6,5,4,4,1,1,4,4,7,9,3,8,8
274:1,1,6,8,7,9,3,9,5,3,6,2,6,7,5,6,7,5,1,1,7,7,9,3,9,8,1,3,7,9
275:3,3,1,3,8,8,8,7,7,1,2,4,6,4,8,8,3,6,6,8,3,7,4,5,4,8,6,8,5,1
276:9,3,2,6,2,1,1,4,5,5,3,7,6,2,8,2,8,9,2,4,2,9,2,9,7,8,1,9,4,3
277:2,8,4,9,9,6,1,5,3,3,4,3,7,7,5,5,2,8,1,5,9,6,9,8,9,9,3,9,5,9
278:6,5,6,1,1,1,6,1,2,9,8,2,2,5,2,4,8,1,7,6,7,4,1,3,8,4,4,9,8,8
279:9,1,9,7,5,2,9,4,8,2,4,1,7,5,1,6,7,3,2,2,2,9,5,4,4,3,9,2,5,3
280:7,2,1,4,5,6,2,4,7,8,5,8,9,9,1,1,3,4,7,4,2,1,6,8,8,3,1,4,3,9
281:2,7,3,8,3,9,2,5,2,8,1,9,9,4,8,8,7,3,3,4,2,3,7,7,2,4,9,1,8,9
282:6,8,8,7,7,5,5,4,3,5,8,5,4,3,8,3,4,7,4,7,2,1,4,9,3,6,1,2,2,2
283:8,1,1,7,1,5,9,7,5,5,2,4,4,4,1,5,6,3,3,8,6,7,4,6,2,9,9,2,2,8
284:3,1,8,9,1,3,7,8,6,4,7,9,7,3,5,2,7,7,4,1,4,6,8,4,6,9,7,9,2,3
285:3,3,1,3,8,8,8,7,7,1,2,4,6,4,8,8,3,6,6,8,3,7,4,5,4,8,6,8,5,6
286:1,7,7,4,7,5,6,7,5,5,9,1,7,6,2,7,7,9,5,2,8,3,1,1,8,6,1,9,6,9
287:4,4,7,6,5,2,1,2,2,3,9,7,5,2,6,5,6,7,6,9,8,4,8,9,4,9,6,7,5,6
288:2,2,9,1,2,2,5,7,2,5,9,1,7,8,7,2,4,7,7,6,7,7,3,2,6,6,4,8,4,2
289:9,7,7,1,7,7,3,5,3,6,4,6,4,2,9,5,1,3,9,6,1,6,1,6,8,5,5,6,1,9
290:7,8,5,5,3,8,4,7,1,3,6,1,5,8,7,3,8,6,7,6,5,6,7,5,1,6,6,6,2,7
291:9,3,3,2,3,2,1,4,5,4,7,1,7,2,5,3,3,4,8,8,3,4,8,4,7,6,4,3,6,2
292:2,6,4,4,6,9,5,1,6,9,4,1,7,2,2,5,9,9,2,1,4,2,4,2,2,1,1,3,8,8
293:7,2,3,7,7,7,1,5,4,1,9,8,3,2,7,4,7,6,2,4,2,2,9,2,7,5,3,8,7,6
294:1,2,4,7,8,7,8,5,1,9,4,9,8,9,4,2,8,5,3,6,6,9,5,6,6,7,9,7,2,8
295:3,1,3,5,4,4,9,5,4,2,2,8,1,7,9,7,4,5,3,4,4,7,5,4,7,3,2,2,8,3
296:3,1,3,6,9,5,4,1,9,2,5,3,7,9,8,7,4,6,9,8,3,9,7,3,3,1,8,8,6,6
297:4,1,2,4,1,4,5,1,9,2,7,2,4,5,8,6,3,3,4,5,3,5,9,1,6,2,5,6,8,6
298:8,7,4,7,3,5,7,9,6,5,3,4,5,8,7,9,6,5,4,7,4,6,7,8,9,4,6,6,5,8
299:1,7,2,1,6,6,8,5,4,5,9,6,5,9,9,2,8,5,3,1,7,9,6,7,8,7,5,5,5,1
300:7,2,8,2,8,1,9,8,9,2,6,8,1,4,1,3,9,8,8,7,5,3,2,9,5,7,5,6,8,3
301:8,5,2,1,7,9,7,7,5,3,3,3,9,8,3,7,8,5,6,6,2,1,4,9,1,5,8,9,3,1
302:4,9,5,2,5,5,4,6,7,2,7,4,3,4,3,5,2,3,3,1,1,8,3,9,6,8,8,3,6,6
303:2,4,5,6,1,8,6,3,8,3,9,1,5,3,4,3,2,2,8,6,4,7,3,3,6,8,7,6,3,7
304:9,7,7,1,7,7,3,5,3,6,4,6,4,2,9,5,1,3,9,6,1,6,1,6,8,5,5,6,1,2
305:2,8,4,6,4,8,4,8,1,2,6,8,5,8,9,5,1,6,8,7,7,8,5,5,3,1,6,2,6,1
306:7,9,5,7,7,8,6,1,7,1,6,3,6,3,5,9,3,4,2,5,2,3,4,1,2,5,4,5,7,8
307:7,3,5,7,7,8,6,1,7,1,6,3,6,3,5,9,3,4,2,5,2,3,4,1,2,5,4,5,7,8
308:2,2,3,7,2,4,8,3,8,7,9,4,2,3,8,9,6,7,4,9,8,5,5,7,9,3,7,6,2,9
309:1,2,5,5,1,6,5,1,6,1,3,1,3,4,5,9,7,5,7,8,4,7,7,9,9,3,1,2,5,9
310:9,4,9,9,2,2,5,9,4,2,4,5,3,6,7,7,9,2,2,3,7,8,1,8,1,2,5,4,2,2
311:6,7,4,8,7,1,9,7,1,9,8,5,3,1,4,3,4,6,8,3,1,9,1,2,2,1,8,2,7,1
312:7,5,9,9,2,6,7,6,4,6,8,4,3,3,2,4,6,3,3,8,2,3,8,2,3,8,5,4,7,3
313:5,3,5,3,6,2,1,8,5,2,2,5,7,9,6,4,3,4,6,4,3,6,9,9,8,6,7,2,9,6
314:5,4,9,5,6,6,6,1,9,3,9,3,6,1,7,8,4,5,6,3,2,2,5,4,7,9,9,9,1,7
315:3,7,3,9,2,5,9,9,4,8,8,7,4,6,3,8,7,6,4,7,9,4,2,6,4,7,8,1,9,1
316:6,6,6,9,4,5,9,8,3,8,8,1,7,3,3,9,3,1,3,5,8,7,5,9,8,4,4,4,4,9
317:3,4,3,2,9,7,7,7,5,5,9,6,6,9,7,3,3,3,2,2,9,8,5,4,6,6,1,6,7,9
318:1,4,9,1,3,6,3,4,5,5,2,7,7,3,7,7,3,2,8,8,3,1,7,1,1,1,9,7,7,4
319:6,5,7,4,6,6,1,8,9,9,8,9,9,3,7,4,8,6,7,9,2,9,1,5,1,6,3,4,3,1
320:2,6,5,3,2,7,9,7,8,6,3,2,4,2,9,1,8,9,4,8,7,8,8,1,7,7,1,2,3,9
321:3,9,5,7,8,5,9,5,6,6,1,8,3,2,3,4,1,7,7,6,9,1,5,5,2,8,4,1,8,6
322:4,5,7,5,9,7,9,6,2,3,4,6,8,8,5,3,9,2,7,6,6,9,8,7,6,6,3,6,8,7
323:7,9,3,2,8,3,9,3,6,9,7,6,7,1,5,1,8,4,1,6,8,1,8,8,3,9,2,7,1,4
324:1,6,6,6,5,3,7,4,1,8,1,2,9,7,3,6,6,1,2,8,8,7,3,9,8,1,3,3,6,2
325:9,1,6,8,1,5,3,1,1,3,2,2,4,6,9,6,1,2,9,1,1,4,6,1,7,8,4,1,1,9
326:5,4,2,4,1,5,5,3,1,2,1,4,8,2,4,1,1,8,5,7,1,2,8,3,9,2,9,9,3,1
327:4,1,3,3,3,7,3,9,8,4,9,8,1,4,1,5,6,1,4,1,2,7,3,2,9,1,5,5,3,8
328:6,4,4,6,8,9,3,2,1,3,5,2,8,7,1,2,7,1,8,4,6,4,4,2,2,3,4,8,1,2
329:7,7,5,9,8,2,4,2,3,6,8,4,2,9,3,4,5,8,8,5,3,5,2,1,7,1,6,7,7,8
330:3,1,3,5,5,8,1,2,4,8,9,1,8,2,3,5,2,6,3,5,5,7,5,5,4,8,3,8,5,7
331:4,9,5,2,5,5,4,6,7,2,7,4,3,4,3,5,2,3,3,1,1,8,3,9,6,8,8,3,6,4
332:2,6,4,9,9,8,2,3,8,7,2,2,2,1,2,3,2,8,5,1,6,9,7,4,7,9,7,2,4,3
333:4,2,1,3,4,4,7,1,8,8,2,2,8,9,2,8,8,8,4,2,9,1,7,8,5,6,3,9,5,4
334:6,3,4,4,1,2,3,8,6,9,5,4,9,5,9,5,2,5,3,6,8,9,4,5,9,1,7,1,8,2
335:7,2,8,2,8,1,9,8,9,2,6,8,1,4,1,3,9,8,8,7,5,3,4,9,5,7,5,6,8,6
336:9,7,2,8,5,8,7,9,9,2,9,5,7,7,9,4,5,4,9,9,1,6,5,7,2,4,1,4,7,4
337:2,4,8,6,1,8,8,1,2,2,7,4,7,8,1,8,7,4,4,8,5,9,4,8,1,8,8,4,3,6
338:1,4,9,6,6,2,6,7,2,7,5,4,1,6,9,2,4,3,1,4,6,1,5,2,4,8,8,1,2,4
339:9,6,7,9,4,3,1,4,6,4,9,3,8,4,1,9,7,7,4,1,3,5,8,6,5,6,8,2,8,9
340:9,5,9,8,8,8,3,7,5,3,6,6,1,4,9,8,2,5,8,3,3,4,6,1,7,7,5,2,7,1
341:3,8,7,9,1,3,7,9,2,9,2,3,9,8,1,9,1,2,1,7,2,4,9,5,3,9,9,5,9,1
342:7,3,8,3,8,6,6,4,1,8,5,5,7,1,9,9,6,9,5,2,8,1,8,8,9,4,6,8,5,7
343:9,9,2,5,2,4,8,2,4,4,8,8,7,2,9,6,1,4,4,3,9,2,9,6,4,8,5,3,8,2
344:6,5,1,8,6,7,5,1,4,1,1,2,2,3,5,1,3,6,3,3,4,4,6,8,7,8,4,4,9,6
345:2,7,8,4,9,3,1,6,8,1,1,4,2,8,8,7,1,4,5,7,3,7,4,3,3,2,5,4,6,4
346:2,2,3,7,2,4,8,3,8,7,9,4,2,3,8,9,6,7,4,9,8,5,5,7,9,3,7,6,2,9
347:4,4,3,3,5,5,5,6,4,1,1,4,1,1,2,6,1,7,2,1,2,3,6,1,6,3,2,3,5,6
348:2,7,2,7,7,4,5,8,2,9,8,7,1,7,8,4,6,8,1,6,2,9,4,9,8,1,8,6,3,4
349:2,7,1,6,5,3,2,2,6,3,8,1,2,5,7,6,1,1,3,3,1,6,8,6,3,2,3,5,8,8
350:3,6,1,3,7,5,6,7,1,8,7,8,4,7,2,1,4,9,1,4,3,7,6,2,1,8,7,4,4,3
351:7,2,1,3,4,4,7,1,8,8,2,2,8,9,2,8,8,8,4,2,9,1,7,8,5,6,3,9,5,3
352:5,7,8,5,5,9,8,3,3,2,3,6,8,2,4,8,8,3,7,9,6,8,3,6,9,3,9,4,7,1
353:5,8,7,6,7,4,9,4,2,6,7,4,9,7,8,4,4,6,9,6,5,6,9,9,3,5,9,2,5,3
354:1,2,5,5,1,6,5,1,6,1,3,1,3,4,5,9,7,5,7,8,4,7,7,9,9,3,1,2,5,8
355:2,8,4,9,9,6,1,5,3,3,4,3,7,7,5,5,2,8,1,5,9,6,9,8,9,9,3,9,5,7
356:3,4,3,2,9,7,7,7,5,5,9,6,6,4,7,3,3,3,2,2,9,8,5,4,6,6,1,6,7,9
357:8,9,1,7,4,2,9,8,9,6,7,8,1,1,4,1,7,6,4,3,7,7,5,5,4,3,7,9,7,7
358:8,1,9,7,1,8,3,7,9,9,1,6,7,2,6,5,6,9,8,4,9,4,4,7,8,8,6,3,9,8
359:8,7,5,6,7,6,8,3,1,8,5,1,8,9,4,6,2,5,4,2,8,3,6,8,1,9,2,1,4,9
360:9,9,1,4,6,9,6,1,9,9,2,1,7,1,3,5,6,6,3,5,9,9,3,1,4,8,4,2,3,6
361:8,7,4,7,3,5,7,9,6,5,3,4,5,8,7,9,6,5,4,7,4,6,7,8,9,4,6,6,5,8
362:9,6,1,3,7,5,6,7,1,8,7,8,4,7,2,1,4,9,1,4,3,7,6,2,1,8,7,4,4,3
363:2,2,3,7,2,4,8,3,8,7,9,4,2,3,8,9,1,7,4,9,8,5,5,7,9,3,7,6,2,9
364:9,4,7,6,1,9,5,5,1,8,7,5,2,5,9,1,5,3,9,1,4,8,3,1,7,6,5,7,4,4
365:5,8,2,8,9,5,7,1,2,4,1,6,3,8,2,5,7,4,9,3,4,1,6,5,7,3,3,1,5,4
366:8,1,7,5,3,6,3,8,4,5,8,3,8,5,5,6,2,7,2,5,1,2,3,9,1,5,8,8,5,2
367:8,1,4,9,9,4,2,5,1,5,5,3,1,9,9,3,8,1,2,8,3,2,7,9,8,2,9,8,6,3
368:3,3,5,4,9,8,2,9,7,7,4,7,3,9,7,3,7,5,5,8,8,8,9,7,1,5,4,5,7,4
369:7,8,6,1,2,6,8,7,1,4,6,8,9,3,8,7,8,4,9,9,7,6,3,8,9,8,3,8,7,8
370:1,4,5,3,6,1,3,1,8,9,9,1,4,9,7,2,3,9,7,1,7,9,1,3,6,7,5,8,6,7
371:1,5,6,7,4,5,2,9,2,2,5,7,7,6,5,4,9,9,2,6,1,1,6,2,7,6,5,7,8,3
372:1,4,5,3,6,1,3,1,8,9,9,1,4,9,7,2,3,9,7,1,7,9,1,3,6,7,5,8,6,1
373:9,1,6,8,6,5,3,1,1,3,2,2,4,6,9,6,1,2,9,1,1,4,6,1,7,8,4,1,1,1
374:3,6,5,5,8,4,2,3,8,4,9,5,3,3,9,2,7,4,9,6,5,3,7,4,4,7,8,5,5,4
375:7,3,2,5,9,5,9,7,9,7,7,7,6,5,2,1,6,5,5,2,5,1,8,2,1,1,1,8,1,5
376:9,8,5,8,3,8,2,4,1,9,1,7,1,6,9,2,9,8,6,6,2,7,4,5,9,3,1,9,6,1
377:7,6,4,8,6,8,2,9,2,5,6,4,7,7,3,9,3,1,8,7,2,9,8,7,5,8,2,7,7,4
378:8,2,1,1,9,1,9,4,6,1,2,8,1,2,9,8,2,4,7,9,2,6,1,4,1,7,1,9,6,1
379:3,2,8,3,3,5,4,7,6,9,3,9,4,7,7,7,9,5,6,2,4,6,4,5,7,9,4,2,7,9
380:4,8,5,6,9,6,6,1,8,1,2,1,3,2,5,9,1,6,5,9,3,1,7,6,1,5,2,9,9,1
381:3,3,1,3,8,8,8,7,7,1,2,8,6,4,8,8,3,6,6,8,3,7,4,5,4,8,6,8,5,6
382:8,1,7,5,1,3,1,3,3,7,9,8,3,9,2,2,4,4,5,4,9,4,2,6,4,8,2,9,2,5
383:3,8,3,4,1,2,4,3,7,2,8,7,2,6,7,8,1,7,3,6,2,3,3,3,7,3,3,7,8,2
384:8,3,8,6,8,2,8,7,8,2,1,7,9,7,3,6,3,2,6,6,6,2,5,2,6,1,6,8,5,8
385:8,6,5,2,2,3,7,7,8,9,8,5,6,5,9,1,3,9,7,1,4,1,4,3,4,3,4,6,8,9
386:3,1,2,9,2,6,6,9,4,5,4,8,3,5,3,4,6,7,6,8,4,3,5,7,2,4,9,8,4,4
387:6,3,4,4,1,2,3,8,6,9,5,4,9,5,9,5,2,5,3,1,8,9,4,5,9,1,7,1,8,2
388:8,8,2,8,2,8,1,3,9,8,9,5,3,1,6,3,9,8,3,5,3,4,2,1,9,3,8,7,2,4
389:3,4,2,3,8,6,4,2,2,5,2,7,5,1,9,6,8,2,4,9,3,3,2,8,7,3,6,3,8,8
390:9,3,5,9,1,6,9,3,8,9,6,4,3,9,5,8,5,9,7,7,7,5,1,1,2,1,4,7,1,2
391:7,5,9,9,2,6,7,6,4,6,8,4,3,3,2,4,6,3,3,8,2,3,8,2,3,8,5,4,7,2
392:6,5,7,4,9,6,1,8,9,9,8,9,9,3,7,4,8,6,7,9,2,9,1,5,1,6,3,4,3,5
393:7,6,4,8,6,8,2,9,2,5,6,4,7,7,3,9,3,1,8,7,2,9,8,7,5,8,2,7,7,2
394:7,2,1,3,4,4,7,1,8,8,2,2,8,9,2,8,8,8,4,2,9,1,7,8,5,6,3,9,5,4
395:4,6,5,3,7,5,2,7,1,4,3,9,6,6,6,2,2,4,8,1,9,5,2,2,2,2,8,7,6,3
396:9,1,1,8,5,5,5,6,8,8,3,2,3,5,4,9,7,2,9,9,3,8,2,3,6,8,1,4,1,1
397:3,3,6,2,4,2,7,6,6,4,8,3,5,7,8,3,9,7,1,6,6,1,6,6,8,6,4,2,1,4
398:4,3,3,3,6,5,5,2,7,7,3,9,5,4,6,6,1,6,6,9,3,6,1,8,9,4,4,7,6,3
399:8,1,9,7,1,8,3,7,9,9,1,6,7,2,6,5,6,9,8,4,9,4,4,7,8,8,6,3,9,3
400:7,4,6,4,2,4,7,7,4,2,5,8,3,5,9,8,9,1,3,8,3,4,4,6,5,8,4,6,2,3
401:9,6,7,8,5,4,3,8,9,5,4,6,4,9,3,4,3,1,7,4,6,3,1,6,9,4,3,2,2,9
402:9,7,9,7,2,3,8,9,5,1,9,2,3,8,7,3,6,2,9,7,1,9,4,9,1,1,6,3,7,3
403:5,7,8,3,3,2,9,8,6,3,1,2,9,4,5,9,4,6,9,1,4,8,5,8,8,4,3,9,9,5
404:9,5,8,6,3,9,8,9,2,2,2,6,2,5,9,5,8,9,4,9,5,2,7,8,9,5,8,5,7,7
405:3,5,3,2,7,5,3,8,7,3,1,2,1,4,7,3,6,3,5,9,1,8,3,9,6,6,4,9,4,7
406:5,8,5,7,4,7,8,9,6,8,2,8,9,8,7,1,7,5,4,6,6,8,6,1,3,4,8,9,8,2
407:3,3,6,3,9,1,3,9,2,6,3,7,5,4,2,6,8,3,1,5,8,1,4,4,1,4,8,5,3,5
408:3,6,2,9,5,2,4,1,4,9,7,7,1,1,6,2,1,2,3,4,7,7,8,2,3,7,2,3,3,1
409:5,4,5,6,1,4,6,8,1,4,9,4,5,1,5,1,5,9,8,4,8,8,8,1,4,3,1,7,3,1
410:7,7,6,3,3,9,7,1,1,8,3,4,2,3,8,8,4,9,2,5,3,2,1,3,9,8,5,5,5,1
411:2,7,1,4,9,5,8,2,2,7,8,6,7,2,7,7,5,7,4,7,5,7,6,6,7,2,5,6,8,3
412:9,7,5,4,3,1,8,6,2,6,5,5,4,6,5,3,9,8,5,4,5,5,3,5,2,9,1,4,5,7
413:7,4,7,6,1,9,5,5,1,8,7,5,2,5,9,1,5,3,9,1,4,8,3,1,7,6,5,7,4,6
414:5,7,2,2,2,8,6,9,2,7,1,1,8,5,9,3,9,5,3,7,3,9,8,5,4,5,6,4,8,7
415:2,2,8,1,3,7,7,9,5,9,2,2,8,2,2,7,8,2,3,8,8,1,5,7,5,1,1,4,9,3
416:8,3,8,7,9,3,9,9,9,7,9,6,7,3,9,9,7,5,2,2,9,9,2,3,6,5,8,7,2,9
417:9,9,2,3,2,8,2,7,8,7,3,3,2,6,5,3,1,4,8,5,8,7,9,3,8,4,8,8,4,3
418:9,5,3,9,7,4,4,9,7,9,1,5,3,1,3,9,5,3,5,2,1,1,2,4,2,4,2,3,8,6
419:2,4,5,6,1,8,6,3,8,3,9,1,5,3,4,3,2,2,8,6,4,7,3,3,6,8,7,6,3,6
420:7,2,1,8,5,7,9,1,1,1,7,7,2,8,5,9,5,3,7,7,4,9,4,6,2,9,9,1,5,1
421:3,2,5,7,8,2,2,7,9,7,5,9,4,2,3,5,2,1,4,2,2,4,3,2,3,4,2,8,2,5
422:2,7,1,4,9,5,8,5,2,7,8,6,7,2,7,7,5,7,4,7,5,7,6,6,7,2,5,6,8,3
423:3,4,6,1,9,5,2,4,5,4,7,7,3,4,2,7,6,1,9,4,3,9,7,1,5,5,3,5,9,5
424:4,4,7,5,2,3,1,8,4,6,2,7,8,8,9,7,6,5,2,2,4,9,7,3,3,9,9,1,4,6
425:4,3,4,9,8,2,7,1,1,6,9,9,2,6,5,6,9,7,7,3,7,7,9,2,9,6,6,3,9,2
426:3,4,6,1,9,5,2,4,5,4,7,7,3,4,2,7,6,1,9,4,3,9,7,1,5,5,3,5,9,2
427:5,2,4,4,9,9,1,8,9,5,8,8,9,1,6,7,1,9,4,8,2,7,3,6,1,5,4,4,4,4
428:6,8,9,4,9,9,3,1,8,7,4,1,2,3,7,1,4,9,7,2,6,4,5,2,5,8,9,8,3,8
429:5,7,8,3,3,2,9,8,6,3,1,2,9,4,5,9,4,6,9,1,4,8,5,8,8,3,3,9,9,7
430:2,4,8,6,1,8,8,1,2,2,7,4,7,8,1,8,7,4,4,8,5,9,4,8,1,8,8,4,3,4
431:2,3,3,5,3,1,7,2,5,6,8,6,9,9,2,1,2,9,5,2,4,4,3,1,2,2,7,5,3,7
432:6,4,4,6,8,9,3,2,1,3,5,2,8,7,1,2,7,1,8,4,6,4,4,2,2,3,4,8,1,7
433:7,2,5,4,9,1,5,8,9,6,9,9,6,4,1,1,1,7,4,1,1,8,9,9,2,3,8,1,9,6
434:9,9,2,3,2,8,2,7,8,7,3,3,2,6,5,3,1,4,8,5,8,7,9,3,8,4,8,1,4,3
435:6,1,7,2,5,4,8,7,8,3,7,4,6,4,8,8,1,4,3,5,4,4,3,9,8,6,2,8,3,9
436:3,7,3,9,2,9,9,9,4,8,8,7,4,6,3,8,7,6,4,7,9,4,2,6,4,7,8,1,9,8
437:1,8,4,6,2,9,5,4,5,7,7,3,1,4,2,8,1,6,3,4,6,3,4,2,5,2,3,1,7,7
438:2,3,3,5,3,1,7,2,5,6,8,6,9,9,2,1,2,9,5,2,4,4,3,1,2,2,7,5,3,4
439:7,4,5,4,1,6,7,5,3,9,2,5,2,7,2,7,5,9,6,3,2,9,3,4,1,3,3,7,7,9
440:2,7,2,7,7,4,5,8,2,9,8,7,1,7,8,4,6,8,1,6,2,9,4,1,8,1,8,6,3,2
441:4,4,1,1,9,3,4,1,9,8,2,6,3,7,9,5,8,9,8,2,4,4,8,3,1,2,8,1,7,5
442:2,4,1,8,8,2,9,6,3,2,7,5,3,1,2,4,6,3,1,3,6,4,8,6,3,7,2,8,3,2
443:4,9,4,8,1,9,4,1,8,2,3,5,6,1,1,8,8,1,9,5,3,5,1,8,2,6,2,3,9,9
444:5,2,6,8,2,5,8,7,3,3,1,6,5,6,2,9,7,9,9,6,8,6,1,8,1,7,9,1,5,2
445:9,2,1,6,6,7,2,9,1,8,4,5,6,5,8,2,5,6,8,9,5,3,7,4,3,5,7,2,8,3
446:9,2,8,9,9,7,8,1,1,4,2,6,6,4,8,7,2,2,6,5,1,9,1,1,8,6,5,5,9,4
447:8,1,9,7,1,8,3,7,9,9,1,6,7,2,6,5,6,9,8,4,9,4,4,7,8,8,6,5,9,3
448:6,8,7,8,1,8,3,7,3,4,3,1,4,8,3,4,7,5,6,6,7,6,8,3,5,6,6,9,3,5
449:4,9,5,2,5,5,4,6,7,2,7,4,3,4,3,5,2,3,3,1,1,8,3,9,6,8,8,3,6,4
450:6,3,8,5,2,3,5,5,5,5,4,4,2,1,1,9,1,8,7,9,7,1,5,4,4,7,7,1,2,1
451:1,1,4,4,3,3,3,9,4,2,5,9,6,1,5,7,8,6,6,9,1,6,3,2,9,3,3,7,2,9
452:2,9,8,2,3,6,4,6,4,9,6,4,7,5,6,3,1,4,9,3,2,7,5,7,2,3,5,7,5,3
453:4,1,3,9,8,3,8,1,4,9,1,6,3,7,4,6,3,8,4,8,9,4,7,8,9,8,8,3,8,6
454:4,5,3,2,7,5,7,5,3,3,9,5,6,4,3,9,8,8,3,3,7,7,6,5,1,3,5,9,2,4
455:8,8,7,4,8,7,9,6,6,7,2,5,7,9,2,2,1,7,1,3,8,7,5,8,9,5,2,8,5,6
456:1,1,8,5,2,4,1,1,6,2,1,5,9,1,2,6,1,8,6,5,1,6,6,8,2,7,4,1,9,6
457:2,7,5,3,8,4,9,1,4,9,5,2,5,7,5,3,3,5,5,8,4,5,8,7,4,3,4,3,4,2
458:2,1,6,3,8,3,1,4,1,2,7,2,1,2,1,4,7,6,2,4,4,4,3,2,6,1,6,1,9,4
459:8,9,2,4,4,7,9,2,4,6,6,9,5,2,6,1,8,8,3,8,3,9,9,1,5,4,1,4,5,3
460:4,8,3,3,7,5,8,4,7,4,8,7,3,3,3,6,3,6,6,3,8,1,4,9,7,1,1,8,1,2
461:4,3,8,3,9,4,8,5,2,7,5,8,4,2,6,5,6,1,6,3,9,1,4,2,2,2,3,7,6,1
462:8,7,1,6,9,1,4,3,4,9,4,7,2,8,3,8,2,9,3,9,9,1,8,3,1,6,1,5,8,8
463:4,5,4,4,7,4,2,6,8,6,3,8,6,3,2,6,5,4,6,6,7,3,4,8,8,7,8,3,6,5
464:8,9,1,9,8,5,7,6,6,4,1,2,4,2,2,6,9,9,2,2,5,7,8,7,9,1,7,7,5,6
465:5,9,1,4,5,3,2,1,8,5,4,5,4,1,5,6,8,7,9,4,4,1,9,6,4,8,5,6,4,9
466:7,6,8,6,1,2,4,1,4,5,9,3,3,8,2,1,6,6,6,9,4,9,7,2,7,9,7,6,4,8
467:2,8,5,7,6,9,1,4,6,7,6,9,8,3,9,9,7,5,7,2,5,7,8,6,2,9,5,2,2,7
468:1,2,3,6,4,4,8,3,6,7,4,9,2,8,8,1,1,4,6,4,3,9,9,3,6,9,2,7,9,1
469:2,9,2,7,8,5,1,1,9,7,3,2,3,5,4,3,4,1,6,1,2,2,9,9,5,4,6,5,4,2
470:9,3,9,4,8,2,2,1,5,3,3,4,4,5,5,8,1,4,8,7,9,4,8,3,4,9,9,1,9,9
471:4,6,9,3,8,9,9,8,6,1,6,9,8,4,8,3,4,6,9,8,6,6,5,3,2,7,3,3,7,5
472:1,4,1,9,9,8,1,1,1,8,3,7,6,9,8,8,4,4,4,1,3,4,9,1,3,3,9,9,2,4
473:9,9,4,7,6,5,2,5,9,5,9,8,4,5,6,9,9,4,9,9,3,1,1,6,1,2,2,4,9,4
474:6,9,2,6,8,7,1,5,7,3,5,4,9,5,9,6,6,2,2,3,6,4,7,7,8,6,9,2,2,9
475:6,3,4,2,9,4,6,7,7,2,6,8,8,5,6,7,9,9,8,5,6,2,2,4,8,5,4,9,7,4
476:2,1,6,1,6,6,3,6,2,5,5,7,9,5,6,1,4,5,2,7,4,9,3,6,4,8,9,2,8,5
477:2,1,9,5,6,3,7,8,3,6,1,8,9,6,4,2,1,3,8,7,5,8,5,2,6,3,9,5,7,8
478:3,5,2,3,5,1,2,3,2,3,5,8,8,4,5,3,2,2,2,7,9,6,6,2,6,3,6,4,7,3
479:6,8,4,9,7,5,6,6,9,6,4,9,5,6,4,1,8,4,3,8,5,4,5,8,3,2,1,3,9,6
480:1,8,4,3,5,6,4,8,4,9,1,6,6,2,8,5,6,7,1,8,4,4,8,8,8,3,6,7,1,2
481:2,9,1,9,5,5,4,5,7,4,5,3,6,6,9,1,7,3,3,9,3,5,9,5,7,9,3,3,4,6
482:2,1,6,4,7,6,4,9,4,1,5,6,7,6,1,6,7,1,9,4,5,6,1,2,7,7,1,4,4,4
483:7,7,7,6,3,2,2,1,8,7,2,6,7,4,6,5,4,2,1,9,8,3,9,1,5,3,5,3,8,3
484:9,1,3,2,7,3,3,5,8,7,2,8,5,5,8,6,5,6,4,5,1,4,6,2,5,6,5,8,5,1
485:3,6,6,1,6,1,3,7,8,5,2,3,6,1,8,1,9,9,4,3,7,4,7,5,1,6,1,7,6,4
486:5,4,3,5,1,4,8,3,9,5,4,8,7,5,9,2,6,3,2,7,1,9,1,1,7,9,8,1,2,1
487:7,9,7,9,1,8,5,7,1,7,5,3,8,3,4,1,4,1,4,1,7,7,8,5,9,4,8,4,5,1
488:1,2,2,2,6,1,1,7,6,9,8,7,2,7,7,1,2,4,9,5,7,6,6,7,9,9,2,2,6,4
489:7,2,6,3,4,4,7,8,2,9,7,1,1,3,3,5,1,2,6,4,9,7,4,6,9,7,6,5,5,5
490:6,7,4,9,8,1,7,7,1,1,2,3,9,2,6,5,8,3,4,5,5,6,7,6,6,7,4,5,2,7
491:9,4,2,5,5,1,9,3,5,7,9,1,8,2,9,7,6,6,1,1,1,7,7,4,6,4,4,5,5,3
492:3,4,2,2,7,8,2,1,8,1,1,3,9,2,6,7,9,3,4,7,3,2,9,2,9,6,5,9,7,5
493:6,1,1,8,2,8,2,9,4,7,2,6,4,9,2,6,1,9,3,2,1,5,6,5,3,1,8,1,2,3
494:6,4,2,1,7,4,7,7,7,3,7,2,5,6,6,9,6,9,4,4,5,5,3,5,5,1,7,3,9,1
495:3,3,7,9,5,4,1,2,4,7,6,6,1,7,1,7,6,1,4,1,4,3,1,2,4,2,4,8,5,4
496:8,7,1,6,4,5,8,7,3,7,3,1,3,4,4,7,3,9,7,9,6,7,1,9,5,4,1,1,2,2
497:6,4,7,1,4,8,9,5,8,5,6,5,7,1,8,4,8,6,5,7,2,7,6,2,9,4,4,8,2,9
498:9,5,9,3,7,6,9,3,6,4,9,5,7,3,4,1,1,5,6,6,9,6,3,2,3,2,2,1,3,1
499:2,7,3,9,3,9,2,4,3,9,3,9,6,7,3,5,9,9,7,7,9,2,9,7,2,3,2,5,4,2
500:2,6,4,4,6,9,5,1,6,9,4,4,7,2,2,5,9,9,2,1,4,2,4,2,2,1,1,3,8,8