99999999999994697373213536991695297563224078601275344858978948392516196802254314576251640710996887935288986049724139051240216726142876179738943729644058828462460164656692715833
99999999999965210992870031011686799066273329004751011643018040035481448191445030689412186986169944723982664616388209369994260341616467838441401499424607982697327546434835742205
99999999999995919999179399164951614338597262739853018546692178860105013083963329965835535677547249373411131309022484857162909115668011529148104354153305706306006802764721446763
89999999999999999999999996692134067500108416811905798660131280490190471969832257647839147590769999986475694467709377239904826803362428326862198627553853839987047690047460225240
29999999999999599999993719227845594897090577670914138331004159184511246824643148939999999549999999995701599999943105790738073698775331582004962001683971739859461417468924579501
63799999999935399999995820498082185044540643707601501462515352007654137013322972579999999999999999999999999999997439769997813960731685938425450493887061548530632196853489292673
79999999999927318499903295079007531658146582668978114827217452030125684599999999999999999999999999999999999999999999999999808123678492367245821001935759767772438013905623331036
14499999951328294857159369285064351098237400298245678404702673665092900059999999999999999999999999999999999999999999999999977957999419936068926094943185829988778559107507776921
31999999923488817975268236670905774562535392960033743686359841550399996999999999999999999995695299994288299999999999999999999497159674611812099113622231347008740939966742414029
59999999946731049147079206598211312936311508964006624808752884999999999999999999996921799999756319999299369999949999999999999999999999337463085878888301836772564189529456743610
99999998398618782555998249540896602497467201415012837897189123116999999999999189999911022639598998202693183969677865999999999999999999144522499818386977353324676228759630486699
99999992799998199939652549379756099014218922272371241506955411747999999999843939913014577631403579818421035981115675999992999999999999996179947805240798332528878451164275028342
99999999999999999520759827122651132968053951486019663485059999999999994999933447920513443284790437105730345402899553599974716499999999999975243628013003958687033087258968876263
99999999999999994736070060058369822571728560242669561843989999999999949742088232369396642879085335746652757621671810003597411499999999999999999991788234665901537876024586487876
99999994519999996964537419188152533471639527268513562032689999999999991834582799207609725622455258850614198648320545725341575999999999999999999959771710355985927753809825882561
99999994114166183190441060116638314204399819584720463636999999999995012455635755811733988010948340985760549557280311490844025649877572999999999920562753913467928997149370579006
99999995469830397935889913198954268956412357753512172999999999999677605866689653025915871242799025703563794467266458624826515933888121399999999962567699486846905814192720061795
99999924039917955492610853560576869623175869765177399999999999997411311518472200595565232297427898256427331229072530938652401711175222699999999993990856785444591256966939254748
99999949565941873994616771220004316786328373954863472999999999601853355526335623725333763571621976731639540990755253341091731066998739999999999999999999956808176254056989108416
99999927562944685939762869924023522093006691212317080999994283110303700744920035533874823421644837617835768868714780245396871479870168999381999999999999991613129097388731745871
99999979994899975194763437844015777658793911507635999999987099400746468242557417785394799904997748967995620341574567203025541448421028569679679999999999993971979106494901424693
99999949999993360613361225995266271984845155171174999999999143091276900265268273957999999999999999996294655869190396269122332022843165601958874999999999950413708854719636626287
99999999999999877526478013956405783564273355749742699999326007248958777325271629999999999999999999999284312781527183003044704282326099544742763999999999697684616470557464713225
99999999999999354532664753467711203610951428625773799997084839462438230073539999999891203009849899999999931792991724081701679755923351312615699999999999899817499150114046141658
99999911899998223298457937593553191212409428149929999999967341121424815349999988712325688398813613939999999943024178700536457553166008870549299999999999999954222010434700001369
99999991169127796937504953442167954697949302853899999999994964739451141889999196679292919447445354793999999992319785906289053132384644122001951981939999999299999838155732144771
99999910292653937990235589564782315090714950449999999999128025170052812999987950742399277402518276402859299999792437297553957491184852165259671933192999999999999964211951324513
99999993733482066196844798562896603005024322946590999999207393658069605999927249167888884159794397906628399899999193956047050578399147735564221971561699999999999939141742726460
99999965567507997962781426498485389116715219989144999999982643063771139999552561888999999999260369796125374149999821463885195423472357351578539593320599999999999591491033686903
99999916992929993026225404544762586212589369897999999999247992214124219992275778888865662199992082511032703999999939493227531723073595545723711892599999999999996681384275306979
99999919999999454755066178250891957597822897712039999999623490852366249991321588888888816475999697908706978090799999180043749458355070651127063180499999999999967578732175935925
99999999999999991234506532865493502457085585874591729999937898894925549998727588888888884597199990316129006946799999486226793801123253833018853075474492899999999999445964242144
99999999999999983978727936414751359607341672125123799999995593587081333999985748888888888798829993611140087806999999727287768949293943907025250856168947539999993299994936003722
99999999249995451494222124936272690862890500690336999999344462770659459499930171888888888499419993182324949560403999895253503412955673193531421922447524519999999899999941725309
99999999974082374969988841302653454135782395471498999999999188611548752899998852563888886619369999479906019639976999995610354513922020375915846536097137626999999999999996289142
99999999928889869319189288617545243426909788607178872339999929268595248570999999999998812725049996999373788344699999991282237680653134482621333458196797250699999999999994347122
99999999980038879797467021205082004061044759044154946899999955900853402465123688888421934357499997020096852786499999970675932399258924923096342225283989499999999999999948336089
49999999995161726998147246573700811899621631624924230899999999937554222372760549830712729171999949165850449829940399991911489547369373844266708704045332999999999999999231124152
79999999995299913997108495645226140450908030939033493962219999946188279375159001174205576499999944961643636797245999999499118829640939484888649261981291499999999999915376400236
05779999999159999999601453215253689013691887604504489688119999999997823734693881582628345999999791018099834859999999999188020441815336810186935177297447399298999999992581181722
54889999999999999999877724309766766973783886072832769669739999999991799392673171693392999999923655364783825341938999942199583031136028061902016975195687288760919999999998326894
60341999999999999992239289635949512760654901413475769826010883499999999484999999599999999992481707625817922699904999964520759137601410781304604888518881186511141999999999934438
01899999999999754729354411305009011985907109075243875921210818799999999999999999999999961707341839993191915064889999999466596588151024397559083366820499783526829699999999999824
66999999999999996003641422267786725723855464072911274768045954386620899989999999999549613719282094724964024549999999999720186567941223832976977449402797116139241599999999999993
11999999999999999858079249107828731838759328331422699027324296412263902611299227112725071747629203484369325121999999993487905810814133030475697074451465129519295199999999999994
32699999999999999399534799941247213828416868734929040526171966222727032232981311041183672907903300329299511978999999451287040174202165508409594069743747982999999999999999999944
22981969999999999998999999999086797147856343417797082105119136202338464798535492175279071677984487386847779999999999136563878989038749998762476513632612923999999999999999999327
18644791399999999999499999999340859244182579766645277730162197009611476168209417987639148863369254314900499999999999425144882601886067733195646278759014673799999999999994995773
14339999733989999999999999998719273371108134101495046438625965469714877581157165968670227104572208727924589999999999153162610431262990191566634654809987239997239999999978709107
67688429982939999999999954139986776581264470668283837959368672283031843392709545098946092874996267801515199999999998849033541023183978286976218208400758369405490999999978543776
23801981441620999999999999100543034932373468349637619746553118352139087177628487491157470367152656429999999999953769343025871676584651818999865395285042757353021999999696999114
06626513351879999999999999123661424998314329755965812909061439033450691152944065892739068687516987999999999999935597834358603116994124780662414085374969132397184999999346891181
89989144671309999999999999999818999999950292987904969120198734304603142854525186358598463554697299811999999999999942076026448422503265829486701808732896775715469999999654999990
82759671181789999999999999999999999999931792380033058075394692794328353255317946825142715255748925916999999999946161294162738438662058227518860941275687557593249999999999999999
76319120560892499999999999999999999999983656689271671623108269857981583317828162940315642199999992699999999991991497210738474913329438144961878828270692798599999999999999999999
77141935196663633691659859999999999999999551789999979601894920442173612615326197856594279474999999999999965211714751053475613815463004284379819826532048569999999999999999999999
08560990020734393999439081999999999999999998499999997798792319000666640816088524999899913639299999999999772306754250313806141143453694824820686787780646192999999999999999999999
34061238424122315423642253799999999999999999999999957957429999989499149969981214759999999999999999999999896537208896082411500083841861793828979748028474162999999999999999999991
75953590248045182133872198299999999983999999999999994161033899992233785899999014599999999999999999999993248933220646932270346666507310648048992894853275799975199999999999994394
48019673112683737317475735899999999993749999999999999999999999999255614999999999999999999999999927196133023389536248856575116814897345091259334225114834891197335999999998679026
22825733344693610599474029319999999699934199999999999999999999999999999999999999999999999999992314247314740181495599117373887790035801581595959503919637367480872249999999995931
38285399936096303449999951807134999055671999999999999999999999999999999999999999999949999999999997177346079919047722577216898605908557283805338172629387283963429591899999999114
95594558479407505664115043049848499912706799999999993589999999999999999999999999999957729999992147234203034399978891017596153984872949610650642090192482238372695345799999999938
91385100085500853434137687181158129599433579999999989950189999999999987199999999991220770907477855672018067838962414430313197674550840971818299188095921723821609095651999999978
62094550353490429473107025687032188712171951999995929784609999999998986123999999999905125131699565725803655326903881805887482207740997122072474738223308925007431899998999999992
30786450346229461094065692153108480797203345417597993340761999999942761683884989359962796188322010542357354536742166811569096726532203010836703064198179999999167299999999999998
52228439710788934318699246324404541656966714155921999271177301442699435200973722734651823242710409931722447397136771642569265599801902465676634850575999999999986799999999999999
37554471326953298196699233873103214607381215981925541677161017066597752741520738429274175871903775543188551374293590825543980131729913643894806374556449999999299999999999999999
54779336889821668344470596158747752429880168841074365791274372813423336294851238239303514766040076029147305880562512816849014237151122979215446104301359999999999999599999999999
95763797313895206230031184995456108807883100873553090177924518531849947318676121931870152330125440925887053869282760714811330233456301340290946102799994079999995962999999999999
50148129143935415604590371778555981693241368060253359892371043322469116701751548587485832943208717786366729058431575254765858320398391615632610497996499519999800526399999999999
16794462095316046969291035437022421967547012806036471885719942572420255121928777539869431136829524596704849382882638552423882882540134565679999779569547393749937077599999999999