2696355971753384721146284223137213145991111595884319572135834845916488489518318757288247521469983795513412853934195754899712184973321835882715454616196267542536412482523741252447475474358982864988417312
3858653748191137746614995135578227491111111113134853438111111111142763374579649245538673298582147311111123643171447541563816558379111111111118345111194711111111536563871197364717639452183621111111111248
3891111111111683799581111111319875211117377311698657181112111111111885726111111372734568636331928112554111297521111117157349972111181444115714219365411186647611147574111115549511111166291111129135114926
6311111111111116195211115738156968111174127552521818816511175158111188178121111186847441686682469196244115643251889616836965771139119485775458968974117776524681152811143196385737311141273115962761525775
5411151147772411122317119267588448321149872789818393246438117678731136134121685118232681534527127135865244184312523217399547111818417671411111921481747816179431141126751457563211116857855811556897988728
9511115817668752112266411119986442466111852847654329474536911198191155169111356294699697687733463119313485195795544718127352918986691111797265688413137833255111791112629147987593142881641858117628782811
9611192647511112591433576251647449277442392146393998335921676577721198114711137597645211616111885411914198957564923712836281911111111376611113659515821111117118154511111111148911181327399812877247684899
9651111111111111194331259275819926856511159289431111111111895299611676364511119673138169688125789239114121715327314411312861621111141111118111633212121761811111923512317811811138463699174711132899868125
9667111111797541777213737321111111139916121684111111111111117654252318593391211262211818161159539536112198214111134631717183257989722861171512642917298173426852288683244151111113439928548111811116531697
7258554338856296182373364111222222114316836511111194174872117559141331111111111111115657774177938143266111541122153329111958287281134111915794735291519117733575383126661111494231814689111165375131767286
4442353729639491119793645112111111111135791111114881128599981318421111112218431611819512752611961959894745111222145143453213896111179711321144816392211171173539314481111992749767778621117174747936181841
2288888188245111111117343512174191525153211115266772195771529955611111312211486627847111336342338472371211111232157594932971311122117211592166998192116687512765518811144396931188215111956737532439166896
7886845724987119321671188711115513328174654111851586111111924645111659512212835652511121853773198378111111991232153868655111112222112914269633189499719713673895319461364821142498773215563858253162114286
5677111113749111152924538872111111986193778711111111113745284488111444512118143981112221778299111111111981311222111111111111112332165111615971443761511928181661117737111153772237162514796113114255119769
8851111111127844211612348324211111824157292223329854983619812384163475111156524111222321298911111155987194112111111111111283312322191113545132894822128111664293153271632853941855964113498114171441111563
3881199572118447336942922657732354166224279266143191111111594834125845111658911122233321821111744796763521111159183319325251112221129311118135284155775691111111131661139846215884824513692511374931837689
7911133454811384757962711114681732831794525998749111111111111984123881113861112223333221111221111111151111118423911119736311222211115331961196711162876651187955293415448271112971942914192431111111323191
1311887143647195946712111211118693411111111146511111317891121957181311591111222322222211111111111122111221543291311762891112232118268897871231112178991122783436793644481115661111658971224266411131966371
9711162936874911377781121111116634112111112118651219459686111547588868244112222221111119985115686111111121111162312732111112332131247721899111222194511111111176176979119171342111213131168526388965732925
8311133689756811158348121577111148121144111217381111186663911375826177111122211111496827565225724767482111112111169532692612222111111111111122222197211551311111762331858997981111591711129868872227399426
5581195641118763981498111187912472121247311218244111182137853475996211122211111961942685315369582396254122511112111115411111111111112211111223221195411672347811641683544832924733487322627695894458829916
7581116111322326757946411145451345111133611119737681111594665678151112221112232727537111111111111111124879477511122111111111924514211111921232211577851599522681857144618127537466588761488387111111112826
8581111115517812723133425111177638612154975118975376184111885915211222111183314661111157827816311511111114737131112222175968118183588276111232112364441427223631363955459391111114763112925981134331851251
1993111731169311111116798349111353211117632843917511622176735291112221157751936118151217538528893162921711115687611122113874561111147146112222163758897223311961922495461111111641121817783515545718881183
2192954679216111111111185585652826418611113496811111111195399811222211841817811859295629152111186373977451115587726112211271396193843811122211131522419737351651754321111578577216549652915611649344111792
5215236321281111985741193465968577883913463793111111111111619912222118497151113343884171111112195229811111165634767311221119424439111112221119452458783187383413677281123228891197912235218118687355478761
1991796143891111818717156239111111111759851941121717721219322112221178954518476762952111221138782311122654951454826151122211654956111222111814815321114113586999331354111611112423811111855413566529763983
7278931447463111723171159231111171111111147468121551741115361122211372185826413763881122221147711169824894541111118345112221432416561111119697943611221126785934412934811111161473166116118231178478877453
4737712955153911114617585271118444892111176539121119761132891223217988111846511563511223321111372849131117781196911185711221116676268114767146965321184711764599828392182662687261774366411119682468329627
4759172485311329411118762956111192846351116599112172911145311233213348111151838429312233322117356772311827711229613759421222211143572211653151359711478311148271474211111982772312442144114944711111111143
5987145712626677769971422199411113944567898398511118811245112233212222696271716269912233332211111111111317311671414865821123222111111111111975155275164334164451461126281116664815945481117114931757241143
9611168311113998898848114644426911111162198688631197311627712333215847749171112537911223333222222222221788611577181575787123332222222222211177316358417429112847119513336111158766377187291483711777741164
9731188881213787181111118214493593699112632456376153611138212333219641112863135442641122223333333222111111111861671118946123322222222211111377672145113157414487111118916711129698762976383515929723311454
2461143151216254411114198485362347373171115384322676671946612222211111111111668684174111122222222211121112211688532111785123321111111113935957228266184961414779986111173111942893984528668328897138689294
4821132651117466111236234513636671111111211111145957141846912211115866764211115978563745111221111111592812211946642311526123321225335765629392495498197179112655184735111161245621871111111184368183298311
7861194311143921118761733168961111222222222222111144863545712111158858738659111181624626661111263428971112221718788511942123321147622694611111111181211195192184885789553862873111111991611114183265781584
7443119111541486111667111426611222222111111122222111611823911124511117813349921111661831115881113111127112221171724611548123322129888662241255461117787111143576951889968892624111143761576118776263233629
1478811113661323611111174235112222111164951111122221113511119411111786919356988411115798251998774184281511111749358811439123332111545891445146276514212162153812111111112583681127712123871119767111114488
1121926371119374322144966661122221147137964877111122211112211111178197113298797717111113848132987786111111211748483117852123432221113893829398511511113951638111111622911171521763257651111526731129111919
7637886538115233572999586581223211127511111198523111122222216187175427114311165678921111111111111111111117811914351199949123433322114426671133531145737155893188464996111158141181741111383487411238861162
1839164911186811879276659411233213422194487663524715111122211667453289115741781386617841221111111111154828116886611293821123332222211663112651112913533511478143788125111618171634816961283546517589281147
7419992911732411747364217111223213639613446639457616326111111111219214417432312693482111211688556527714981111472115825911222222111111118831713998465511146131118449711189417862927374111111419565999511646
3628145411821711877415966251122211181751111111164566395232428757355613331263769661111121119972168114928211117481169545912232111117994261113976521111112111784411313456715959139379711113811119952662264355
4269479911711111518157239316112221181671122222111192849536215671176779153637111111221111639659746653971451141111826983112332182567475711111111149963122221119288144432733584331116911366716111738347613838
7784665911112119341138851796211222111642111122222111115456492997952458111111122222111248679356926849653431149719719124122332172387249111188811179655123322211183111169161111111127211934371155197953853429
8593314573111186951111291622461112211186735111122222111111111111111111122222222332166256199221111132815111415581481711123332138215351115668911213451123333222119383393111111111119211322545741819311171864
6613711215697479771982111918641611111111113591111112222222222222222221111111112232111111111111119215699611318514369112223432111944783171599116329311223333332211883421111587919111511113525744381116111384
3814791127121837411137611447922677611111111177242611111111222111111111669495611222222222221111917616111175638321472122333332221171447139661149738112222222333221188611593516191111262421111611111197181123
2759781151573538611179111112174326687321167661115739248931111114274798154763471123333222111574314611118511178475611122222222221433171558113628281122221112343322116411874145111124626275932657315244431486
2562324111568135691111119111111111199712569229182723142168545611111111326587597123322211186738211115382311131478112211111111111156219811179765711222211112333332213111233841176655916111115593315762411352
1217632111565811991811195791111111195139711111118514928195119924818111268889891122221118879119111191611116642511122111836171593217959132187287112222114312222223219251472718777511111111111251854527752173
4511496111831811136186244611481641118135711111111758429475465646694118458261111222111957897111455111119815793112211146788452594284997529159111122211188412111123211689818373846111111131461763616489684321
8911338111448395118467819114515411184966911853811536177811111134351131841111222111129487911113282118272192221122115352457411111142839498161112222112779211152123221627591537171111944353723844812648772864
2381158117482113111451235183944912134383661475541196921111377331112578111222211165751279222661811665119121111211135331265584111894838781111222211166876111563123321785938774531118913721944294782111158373
8856311115511119119426961274742911112782685111643117111384316411599211122221118844531193738759113111195271122111497711511113526258731111222221117595751111867123321792759411167111192517166818411151111736
4841322512124411112475641868456111442111111837193878114397771196361112222111322461882111117671883118822111221149911639497654449111111222221111486119291116984123321933698112144461111111193667119568391145
1597155686341481723243927671791145427111111575979731147391115561111222211184853692839412214281111559811122221894597796852111111122222221111175341139911149981123321176411122116781257257693435117462281173
1281886679944375296837335438187352121133211188731851131111728771122221113941638229793112116462422466112222221111111111111122222222211111262134114734111192861223321631112222217361155251566229182414421139
9316525683589881396587157114832917831197512166648934111729418111222211918528141178177121193771362411111111222222222222222222211111112785999281119991111226691233321111222333211831911111113641513141981122
3461111883161128713187149773514114581259312115151226535438241112221116141617268421111111133398111111244741222222222211111111119213651935411117836111113284611234322222222223221841111382841186516959111973
4315211179178139619718161111111364961218711159819213982696811222211836641153334655121116534411118886159111221111111119529791629498682451151579591111452783112234333222111123321142115473281183331873656272
6845331129171195111659175819581142961658411279366461354523112222113265112949915211111998321111187339111111111658672423561158111111111294249132111113784311122333322211142123322112116468644211361177477743
2369421163157119851123359577131145834494418939166511128411122221142411137314179611158889811149714111111112379962834576561111111111111113325111119227911112223322221115136123332142111118176767667563775382
4516371157113812161192426395111935924543922441178562174411222211443711262511775112154751111812931121111994591399745111427284135366512212481114933991111222333221111219313123432166111139323577141811112878
3211511558118519569111552271116596556158619811818426118412232117481113183113141116951811116347111111455376891315346111455832585822912119158731971541111112332211244789626123432134577354332587588514211299
4448112299611114237979111111551168168615711211834951194112322175731131511111111251534911164511121113588128711116211116321619323488111196147132827111119912322115314721174123432147288437384482311147121516
8663332418511134264286571865689991416711565311445511424122321157821746111292167911133111242411211267161135118636112864695548545711112564445358341113863112221153118281199123432122749961111172125139831175
7795591348285145636215283326897111117891125511951219864123321682814887115757986291962111813112218665315555112321173559273491111111372283265523111131881122211946116411198123332178251115711991132637822711
1641172487635218919194111564265111941111612571111142581123321545176324115425976711981116579122115728113541181811938629111111111198131991324711111657311222117444311591179123322116211139925641187854458646
5111433519678944851429751911142511774111898975882865641223321217337511115226916118281217871122189821137831327111993142359134361136836425111111379952112221175363411171681123321185116842362711552892685319
9511293111519114911183612181819591111187496122634297541233321844548161111817961188131215881222196341677341982319832311162992491113111111111126431211122211796413512111161223221816113864691111884551719526
6841881146652643339111117711373627229638443511741148421234321889111114211118111151461215291122172521189451412614368251188788111111111111111631942112222117613984111111741233211554816362779748669111111721
4921111124211218191941111119231852762244981116124693511234321993171118558111114739261111347122116516113161121817875598711581111421322377411115691122221165148411173216611232213414911557153767111594911644
8484611468312531155797918273333684573145491161111534161233321157399114553682271286653114956112213363611531187818961111111111134523731111129351111222111842955711772598412232116298861118187511614712117668
6617254915111294135588995396669571416396611149311936471223321649611119858434473114137111396211211368791111132514361111111385932183117922358211122221174371938111193514112322158777737964552116526231165271
9546372271181431199926195559979251186914197112331121561123321191111163811111111117876811192191121176384711548612589145767877756945666342731112222111348612465181117941122221162451118617461157493818747931
6745457711127111824855118651198241113312318911111146331123321149115731311444111573433121113841112114816443441114741958111111557373168418111222211156732837411111139111222211751111111154511732993433445673
7911471522111111394357814873123311196533955995749738889123322137111969211986274825137378111597411111119227443584256111114411158964842111122221116453296775119191444112222116941118199115711449346321873136
4719835187817891832435511544211111392251465234384426219122332111211169281898798186112876941111758122211111192731652846165973139231111122222111532581183257934746271122221121571152824311661111111146997752
5117291366142667418617915677581328168177111152111114831112222211231131918457116519111284157411111123222211111511278893562541111111222222111144311959511581399785111222211558853113715131918541595726111115
2131846355357946112555118885473122471286116672931261115111122221219136762815711558111149675934111122222222221111111111111111222222222111161937724599111471825761122221114929439117662641138963689811321684
5111137311637891135411111317222843111394526637583521117658112221146334973749211186131111484151519111111122222222222222222222222111111145119459111168911427179111222111262381283114413361162432741415761158
1919611168156486111112969643762514971115863436221111132344211222111679112962991111267171114891932633356111111111112221112111111163681168837411111187311193511122222172854683111113911111173616617148711165
7293191687218721711289457161133651727111111111111118337623331122221148111145298111113345116999611117495511349279811111511153746134912478911111111951115791112222211161322111111471358611919338183561461176
8965731185322131771174461152982818366733424153167864734576166112222111122111543831111111118113533581111111111687117813433411111194634611112111465828615111222221118539111886116821531126547621317976261294
1325511154663121117939311198731177613523111611523156633217272411122222222221111268856111184736136684897421221982111111111111665668811112211172833983111122222111848311694171116744653336631291141969511795
8394866115216918555396665111116562493255211249858111111411558492111222333322221111931895319813311111111111111862175281111595391811112211114612861111122222211119784121248496548997784381528689137721119964
6169156211151694958273514976116157811111111146531721521111412526911112222333322221111136913247469481111111216543739196583251111112222216745311111222222221117127511454436896681826111111162958111111952316
8319111327794696731111111841362643114451611291558393972377588212319311112234333322222111111121755945293694277167926811111111222222333211111112222232211111115683911111185639755111115677162482657874652682
1582311435168893211913578111183844612615974431575922479892754368579261311234444333332222222111111111111111111111111112222222233333343222222222333332112865622935881148759214111114851641849334242111111644
2681311838631649991167892961112393119858533441921991119777951596625628221233333333333333332222222222222222222222222222333333333333333333333333333332165461476358318217123714111115949651111268184117321835
4556541114158311732111164391417423511111111111111111111111111111111111111222222222222222222222222222222222222222222222222222222222222222222222222222111111111111111111111189865111111118831832337114871431
5956661178147966132855111115995931774533311111111111111111111111111111111111111111111111111111111111111111111111111111111111111111111111111111111111111111111111111115111752243655249912587684841139657744
2471461964136999515276397837936918171326741219691946414199443278158558817318884445148988885573532532979863787925974164931496485634771244523495856752588936363141119439912117243314531111111117891114357553
2352114342111928195817219484448282176211751675451111111176931711115187511926411111182915743211111529154457446195567565231111129298249947111657818953547111111111755921111111125619211571851311515134944954
5121444871211111171338751112588375712682117343112872111116411188411113565211111111111745171132548111581288255118535383111111111178155111111111115827311111169511915161139221115177117829951751326117944537
1955613839833991192799236971111753654133721971622868461119114696881197619189764381121818911587653111532311474573115971116343714117621178958475112215511191226679831193664882111721117617885111727713944947
8195212252727171334764518682116871111521911241467983111187111791111472897433261211111571511659282121844921179795118571158791155589631418345344168771116191853216978761254729316443911114718322853762598271
7265196834574384741127733111124431116573119414747481114972591111528646265843111111219161727137786356261263114834311399113669215859191851218348921151115488511946314468867839114624471136355419916875272849
2231119931613629753291196831668341561151133421835112367681223684987432336485614541555931612665948511111148431185136411191418351175316736711641229886711611177353898538284846356155726221465417763111114815
7691482131791321852544311799833137944892352849246775981491124659362294944113711921111969338977273119846711378312655377461135853123532881881111161445418212538384711372744956116837193119756799471158811213
2741617969244148491458791712463111111146589243663911111111141121126111111211228122169161111111142184999251838626143333322925531146336711366698911119516117759442647116351118967489141611813216136192811891
1461751448636168417864511744326219643226111145418899982531411293111959391115846719739942512111891511388192161616712893661152921181946183658538539118359116288125892911162159316133221451989551936914911843
9721128726341681411198115455444245266987251122628944956849118612691142541113498776113456321112947965418463427881621978664761462111785131629364111119987611116119697771111165869711876411344131176231111834
7573111111112197474111196871194611111111169217982761111111519669677311111119361562173111111586661248537712824859111111111432713161111131126383391866668183111117533924643453731166811973297385511111171373