544643552 8
253172028 10
10100101110011011001011010001 2
BA7A879 16
800770015 10
2257032677 8
1FD3A112 16
114FB48F 16
1224342071 8
1230542121 8
110110001111001111101100110001 2
4731300154 8
916575441 10
6530764343 8
145245504 10
D0CA513 16
101010001000100011001011111000 2
5302544104 8
368BDCB0 16
259D95C2 16
1234625706 8
4636574576 8
2264042107 8
2175430616 8
6532100742 8
26D5EDE 16
312220123 10
3347505704 8
4116760342 8
5437127102 8
272849879 10
600804318 10
823035873 10
2E168EF7 16
6662447706 8
9DCFD50 16
350682FE 16
4324101404 8
10111011010110000010100001 2
2735624756 8
658019210 10
7133000775 8
7207411314 8
10111010111110111110100000101 2
CFC5A0F 16
14575E01 16
110110111010010010010100101000 2
10111010100011000110011010011 2
711673221 8
3617511442 8
10014010 16
1A423B97 16
645709298 10
200700435 8
2633255333 8
10011011010000100010110111110 2
892271664 10
602834270 10
101111000010101110001000000001 2
10100011111010001101100110011 2
2027045742 8
2163373616 8
563447522 8
731336477 10
91349934 10
11000000011000110100100111010 2
30994522 10
3365434621 8
575375124 8
3613246717 8
15B58AEA 16
2576567245 8
111000011000100001101010111000 2
4234251053 8
552300713 8
519937450 10
7154053410 8
405082869 10
14E7F483 16
101111111000101011001100010111 2
10101010111011000110110101 2
4671556157 8
4307242174 8
2C1F1A91 16
725521116 10
6336715363 8
3353B2B5 16
222FC8AB 16
119B95CD 16
136152211 10
110101010111101111001011001 2
101001000000011001001110011010 2
115349405 10
720367151 8
1E2D1784 16
11111111011110111111101010101 2
25669CB7 16
288D5FFA 16
590388471 10
764107962 10
18D4B314 16
1246604507 8
AB16488 16
497284935 10
10001011110010101000010001110 2
767608231 10
D98C777 16
1276012723 8
186817820 10
110100100000011110111100010101 2
645057468 10
7139968 10
1647653223 8
1076267013 8
1EDEDDCC 16
10010111000000001111110110000 2
3467267036 8
101001110010011011010000100000 2
374072165 10
1351007156 8
514EAA6 16
506097710 10
826320342 10
3A58FA41 16
6121206404 8
958606091 10
3B31B01 16
110011010000001111000110101110 2
407897547 10
1000011111110001101001000010 2
327906640 10
150BF0B7 16
11101101111101101010100100001 2
16A6B9DF 16
4470545120 8
621633256 8
10010001011011011010100001111 2
100000100010100111011011111011 2
100010010000101111101110111001 2
695451246 10
2AB02085 16
2671514344 8
111010111111010010101101011101 2
574867476 10
440452166 10
2C92AA09 16
576971106 10
AD4E22D 16
4170363546 8
57D252D 16
1B0C5194 16
393775372 10
7160675042 8
15647716 16
2611066175 8
3772500F 16
101110010001010111100101001000 2
2A54F244 16
11010101010010011011000001001 2
10011011000100011000010011000 2
427804270 10
115111979 10
360575355 10
256455014 8
350908643 10
353545266 10
11100101110110000101001101011 2
101001001000110011110101100101 2
101000000011111111111011000100 2
828344300 10
541923660 10
7301535762 8
583941106 10
6355241660 8
360A466A 16
10100000101110001001011101100 2
4441160407 8
118163642 10
3240736561 8
2B3C922D 16
10100111011011001100000111000 2
10001101000001011000001011000 2
242190692 10
46BE110 16
300669908 10
17D2D046 16
1D8297D 16
4031542341 8
229228A0 16
704342904 10
1101010100100010111101111011 2
101011011011011010011000110100 2
158C4895 16
100010101101100100111101111101 2
80925726 10
991684023 10
111010011010101101110011011000 2
100000001111010100000001000101 2
573875216 10
11111111101101100110001111101 2
36CF4414 16
2432730545 8
5D504F0 16
1100100101001111011101011110 2
101111001000001011101110011 2
74809268 10
33D5FE36 16
100101110000101100101010100111 2
6423606465 8
110111100001110110100100000100 2
101001100010110000110010010000 2
775499968 10
2633CDA9 16
116899220 10
5005055530 8
32155354 10
3161310376 8
848737085 10
240C95BD 16
283DD1B9 16
807525736 10
30420981 10
5550245140 8
705615101 10
3722745031 8
2A57E1C0 16
830993062 10
1001011100010010100011110010 2
8A18AB9 16
380010D7 16
100000010111001110010010100100 2
580200584 10
100010111110001000111000011110 2
668908374 10
438507983 10
6760753774 8
5703563215 8
57E6B84 16
1235372034 8
891448060 10
100110100001100110001010001010 2
101111100001101001111111101110 2
242C6024 16
2277740070 8
1100011001011111010000000 2
986175691 10
30BF3F24 16
6723721670 8
11101000110110011000000011000 2
4111774024 8
3715831A 16
145647746 8
586310946 10
3A383EBD 16
1803A019 16
7245303124 8
5462220624 8
628740412 10
59921222 10
1774470046 8
111111000011111000001110111 2
1100001010111101100101100101 2
2447012116 8
5160714462 8
671255137 10
125571B5 16
674557872 10
10110111110000100010110000010 2
243B9807 16
217360637 10
12C0266F 16
5612112052 8
B440E81 16
6631156374 8
384CC050 16
854169008 10
534143217 10
5337167306 8
12449293 16
1A1CD0AB 16
1111010110101110011110111010 2
101100100010010011010101000011 2
1B3ECB7A 16
10000010011110111110010010010 2
182629428 10
334989486 10
731375590 10
11101111111101010010111001000 2
1E5275E6 16
462956809 10
955763965 10
100000101111011010100111111111 2
61354003 8
940753189 10
115464119 10
614237323 8
267736206 8
407748151 10
279317452 10
232983815 10
10110011001001111011100011110 2
2E06CE02 16
10101111111100010101001111101 2
100010111000011101000110101111 2
100001110000111010111111001000 2
421172341 10
404627047 8
3746637126 8
100111110100101001100000110000 2
18235281 10
1964CB4E 16
2B48D1 16
3742703311 8
FE66C11 16
1000001111000111011110000 2
2113224420 8
634972042 10
2166004321 8
817618702 10
19CE8995 16
2761647152 8
3261102274 8
474581512 10
393A5CFB 16
721625531 8
627446229 10
78412796 10
160077659 10
3B909D85 16
15A0D128 16
1D862BDF 16
108B08EE 16
1111001111011011011001011111 2
231760313 8
4460770321 8
1211557452 8
1ADCCB21 16
309455497 10
6463100607 8
2242E35B 16
1000000110011000110011010010 2
359491855 10
11C4488E 16
905562395 10
7144022423 8
748150920 10
125922576 10
289DECC4 16
151101390 10
3320358B 16
110101111101110100100110100010 2
144D51FF 16
1011011100010110110001010 2
47936965 10
101111111100110100101010011101 2
5062402331 8
11100100011011101000110111011 2
108A4663 16
6440037722 8
227239222 10
207920447 10
101111111101110100010101101011 2
110010111010100011000011101100 2
11666161 16
110010011011001000011010000111 2
5140561235 8
296812238 10
5053331556 8
70FBD58 16
6704355607 8
2665630505 8
10110011010101000111011100 2
689585755 10
7040116711 8
1010110000001010000101011011 2
4604254355 8
100100010101010111111100110001 2
1B5D8351 16
911083171 10
4672515562 8
314405610 10
32E1E075 16
3ACE0129 16
7247345324 8
100101001101100010000110100101 2
5372577570 8
23965344 16
3317552134 8
8D973AC 16
100000111000011111010101110100 2
101001100111101011101110001101 2
6655346747 8
283353077 10
111010000111011011110101111101 2
100111010110111001101110101111 2
1111110100011010011010011100 2
6010212676 8
9F8AB9F 16
1101100010110001001100011001 2
3AF715B9 16
101111010101110101101110010110 2
930444116 10
10011011010000111001101011000 2
363673F3 16
92075570 10
10111001010001111110000001000 2
101110111110000110111111011011 2
441018443 10
1130475071 8
110001111010110101000111101 2
2106533605 8
203785433 10
289819422 10
1643265247 8
101000011100001110001110110001 2
2361521654 8
372511020 8
2726133720 8
708F618 16
3603201013 8
730326657 8
10100011101111111011000110111 2
2B8226F8 16
10111000111011101010101 2
3073143011 8
2321D89C 16
1101000110101000010010000110 2
11111100101100001110110101001 2
101100000011111000010100011011 2
2246C4F1 16
101000011011011101010100010101 2
110111001000000111111111010111 2
604505061 10
2A0F0F8E 16
11001111001101110010001001011 2
11010000011011001000111000 2
914351305 10
602602501 10
933882707 10
20039D9 16
11100001000000001111000100100 2
1C02AD93 16
111010001100010000011010000100 2
607492915 10
698275129 10
222180244 10
19423008 10
11111000010100110000101100111 2
251DB369 16
2B352CBF 16
11100110111011010010101011001 2
197646744 10
BD3DCD1 16
6760736112 8
FCE56FE 16
602676093 10
6326711154 8
216552417 8
11101101101110101010100001011 2
38ECE2CF 16
14B1EB1D 16
5273473056 8
10011111101101100011111101111 2
101170721 8
30592125 10
1507126026 8
358581578 10
567136529 10
275164711 10
3810D6BB 16
7300670637 8
101010111011000000010000111100 2
1222376105 8
11000100100010101111101010000 2
470092128 10
A9E5D86 16
3214674703 8
388558859 10
110011101110100010111100011111 2
438547544 10
203E446 16
1273407741 8
101101110001111110001101111111 2
19FE9F23 16
101001000110001001000111100000 2
357377304 10
1001100101110011111101001 2
1BE6CC35 16
1101110101110111101100 2
6406030005 8
3741261470 8
898532412 10
1100010111110101011001110001 2
5472712670 8
110011011101000110101001100110 2
336CEAA4 16
101011111110100010111100001101 2
1000100101110111010011100011 2
482637092 10
626566960 10
32D317A7 16
1100100100001100100101001100 2
484729511 10
246602470 10
5315037414 8
725413337 10
101000000010000101100000101111 2
1000110110101011100101110 2
887469825 10
709006061 10
235CB7C2 16
1297E371 16
931257132 10
10001101100000101100001111011 2
257DE2F9 16
658046555 10
1443150361 8
11101000010100000101110010011 2
100001010100101101001100011001 2
412906639 10
1FB9393D 16
11101000111101100101000101111 2
681418289 10
1704446175 8
1111011001110000011111110 2
347645642 8
5F025E2 16
10101110000110110111010101001 2
11110100101111011001011111 2
110111101100011110000101111100 2
10111011100101101001111010001 2
95365932 10
1063150717 8
779752361 10
201C8F53 16
1453257223 8
2B68DC7A 16
110000011000110100111101100001 2
1256777443 8
1244165750 8
5225727267 8
11000010001001010000100110111 2
100111001010010001001101011000 2
4307205160 8
993697391 10
126234953 10
2C7C3E2A 16
5044754104 8
831584426 10
3073442521 8
2777AF 16
1001110000111100100001101010 2
891210617 10
21C915 16
EFD3162 16
6572536246 8
11101101101011111110010010 2
342498451 10
21A645B3 16
AF10303 16
10011001111001111111010 2
2401960A 16
1674437474 8
10000101011101101100101101000 2
730582896 10
242B0D7E 16
110101100111011101110010011100 2
100001110101100011011000110000 2
3213644204 8
10110010111111001010011001001 2
29C31FDD 16
2541147211 8
6147242566 8
3366447441 8
11110000010000010010100010110 2
1610462647 8
671413550 10
B615344 16
110111101100000110000111111110 2
3622641233 8
728574750 10
2B07C6EE 16
111000001100110111101110101101 2
784317635 10
6536603577 8
4401032407 8
348B99E9 16
78CBF00 16
801998298 10
471276689 10
972191525 10
2ADE8DC2 16
1101101001101101111111110101 2
397273007 10
65706214 10
918397797 10
761530061 8
11001110010001001010010001001 2
1011011011110101101110100011 2
100001101111110101001000110 2
1E216417 16
1624514242 8
843542273 10
1111001111011001001111100011 2
2207320137 8
6664724716 8
580793053 10
524038513 10
4214655726 8
5107747605 8
6405275467 8
32C63DDE 16
3847DE41 16
333251497 10
1A806B42 16
111374573 10
100110110011101111000111101100 2
249008232 10
331737643 10
4526410655 8
1001110000101100111100001111 2
101001001101010001101001111111 2
545462398 10
654238129 10
1010000110011011101000010110 2
AFCB50A 16
1C0F1141 16
EF00894 16
27B86630 16
3411444157 8
25EBAD6F 16
4734247646 8
9DD83F1 16
59230808 10
6137205420 8
23732391 16
101101111100010110011001111010 2
843437024 10
26435BC9 16
3027060727 8
11101011011101101000001011001 2
1D437788 16
DA83484 16
1010010100010110000101010100 2
69F4EC2 16
110010100000111100100111101110 2
22B53AD 16
791003519 10
6216604447 8
101100111011011111111101110011 2
450234701 8
1B71F503 16
1740341620 8
FC1A073 16
6407021174 8
11010100100110110101010111001 2
3A4A7462 16
39198F33 16
1001000100001101110001001011 2
733973474 10
10011000110101111010111000011 2
1A0831CD 16
473136201 10
945031757 10
483673410 10
10C1E360 16
2FC0F31E 16
382419239 10
5263304214 8
2FEB3FA8 16
2471644631 8
1011100101011111010011000000 2
110010110101100000010110101101 2
60851065 10
165837136 10
1246542E 16
1001111101111101011110011 2
3ADD75B8 16
100110111100011001100110001000 2
3647E617 16
1101011111000101011001101110 2
1EBE37B5 16
479201544 10
562877162 10
16213330 16
971561818 10
2743241626 8
10010000001000111100111110111 2
372716042 8
323960D9 16
11100000100001010001010101 2
1DCAFDF1 16
33D05C30 16
100001111001101110111010011110 2
183A7AF7 16
1160154302 8
100011111000111100010010011101 2
111010011110111000100010101101 2
1010110010001101101011110111 2
15CF912A 16
757582469 10
100111001010001100000010000001 2
101000000001010111110001111000 2
2AA6468F 16
31A56979 16
33EAAC0F 16
234123465 10
3459C272 16
10100101000100011010111100101 2
674098077 10
2775703611 8
1140127417 8
8135ECE 16
7AE582E 16
170014041 10
10110001101001001000100001111 2
204120286 10
13E5805D 16
10100101110111101101111100000 2
5551362340 8
189223804 10
27244250 10
549412003 10
11110101000000000101010111001 2
100000111101100010011100111001 2
11000000000101110101110000000 2
D6943F8 16
737992152 10
343F8F39 16
1145527073 8
1010001100101001000101011111 2
194675015 10
55765130 10
12257CF0 16
111001100100101111001100010011 2
140E4618 16
1241361715 8
793074483 10
30C961B4 16
903167679 10
733B0B5 16
299433533 10
100100101011110100111111011101 2
5577566232 8
2B995486 16
1011100001101100001011010001 2
1115157675 8
886321441 10
11100111011000110110111110001 2
11101000111001101110000001110 2
26601221 10
1101111010011101101010010111 2
110110010010111100100111100000 2
1484E9C8 16
101110001100111001011000111 2
1101000010101101000101110001 2
101011011000011001001011100001 2
1753735527 8
6548594 16
214829403 10
4175725510 8
6545642713 8
8205517 16
2477C12C 16
100010110111000000011100100011 2
A477A60 16
36192A37 16
963238763 10
1AC8962B 16
3076247055 8
28957184 10
96264620 10
110101011101000000111111110001 2
236767104 10
376C76AD 16
1156001627 8
255296943 10
250211971 10
330220735 10
3452AD03 16
8B6D975 16
901276957 10
F698866 16
142672447 10
10011110110000001111010001101 2
499683160 10
10010001101001100000110111011 2
100011100010010111000010100011 2
1D52E339 16
101110101001001000100011101110 2
425162819 10
4054207401 8
4124505714 8
2112101352 8
315636193 10
2D863E3C 16
101001000111111001010110011101 2
3205540121 8
5A767CE 16
11101111001011001111001110001 2