Function A: ADD 781
Function B: MULTIPLY 69
Function C: RAISE TO THE POWER OF 3

5395
4334
4672
4633
4556
9829
5879
9457
2562
4395
9542
4363
6744
1859
1148
4267
7990
6990
6003
1464
1958
3812
8742
5518
3794
2176
6213
8275
6301
5909
6885
8205
2939
2528
5926
6520
6317
7445
5788
2406
4089
2626
2309
2883
5535
3221
9976
8726
3135
1964
9045
4368
1396
1557
1821
4701
6945
9554
3948
9382
8986
9616
5221
6113
5117
1910
6362
1430
5798
8038
4391
8847
8930
1805
5014
2555
9572
5259
9164
2711
7596
5471
6099
1286
1587
8733
5485
6060
3109
2663
7839
2911
5195
6886
7925
2085
4510
7937
8918
1014
9862