106586
145981
175252
129902
127839
155520
138604
130740
126401
123758
112135
172944
129839
167117
175679
145599
106579
158661
151000
150772
160286
185017
171888
173697
107006
155438
166780
173623
190717
195751
144663
175887
141958
105925
197385
178271
107092
195860
145177
171949
108509
138950
126296
125272
141949
130022
140601
128914
130518
165819
147344
173630
124915
171554
189738
178953
144295
181733
156464
185008
132464
198916
150949
166142
142530
164836
184274
126919
176559
168146
135539
194874
185215
192708
182489
192581
160626
105912
158267
112762
102818
114539
121578
180284
158003
190420
122724
149314
161281
104890
113956
102211
196063
163580
197680
105011
161156
178919
147683
142075