5667607297
8392861189
14562936304
16820644514
25078774664
30330678143
44360726128
54623871245
76549863360
77504398301
91965307732
97338922454
117065226882
130144996291
155266107535
175642218099
329492777021
425607567810
437191218011
600213593219
745295920110
878659114412
1060052082124
1164503778792
1302074314459
1350631047746
1493270511528
1501296313463
1648226303498
1652556315227
2044689965676
2078369100174
2296580015005
2335847339888
2369603983007
2632041401587
2646891982414
2680161453166
2700311155773
2744287375891
2849604456437
2990268830629
3157654214919
3235718179508
3584002988864
4251139488920
4395563842901
4423254125857
4562989547397
4595726757512
4825619933412
4941367317933
5006150799587
5026767557479
5071862722674
5137238995884
5194670839405
5196418571506
5334880863190
5379349257773
5495513107433
5503569037415
5771623942463
5951888446827
6132927513020
6154477980396
6181687136439
6379969888288
6486089454271
6875319963666
7013125954291
7066990883966
7100675220165
7140084386344
7304091967722
7428131910380
7717609289644
7764410843452
7837553847640
7898517152234
7931816140442
8033128318305
8131613187548
8220752564390
8258000368251
8364726264195
8461775263453
8467826218998
8493951119791
8520561029546
8635150097411
8674033751401
8849761839223
9057086107473
9212071816484
9298074959737
9321327611212
9598215551043
9671322463407
9751512634808