3911839512996897351134812593761
2482399129171346932195254252785
2241498391334667338784113489145
9678463237527699515361278996685
3671973998578837778382786699796
6667458428968666419752768294526
3439221791193884211331354751421
9742398338265191712369995829523
8737346521971151578332418425497
9532895594586447326415961117529
9636489338259265631211659255376
6191383174369586398649346296425
3688564928747581732749486218157
3887486958221417115715286976359
9969242767698443745828682947188
217358968982615@685283872347146
6827973835536211132554446914961
8562875782849232248319417723924
5225386353311573989331129532826
8212215141892935416194939396611
7829823187624832616923699156525
4735335115213366998149472841476
4721755193347516286325677961326
1252326468327786832173639885191
8448812195298191753383632667941
1732682335298689859275371492817
2198874596433654979581782971744
4465652374594798138244265889453
6528763465613421749436795376544
6224232389638989198281381645999
5636678716153358274343331887965