63455427862357816384463238113882663617847611464283251221656861748326888335182632258656587668884741112
52122472847881228854787563135325318846627841418828584487736118411455225841313616884478683518872481235
35653556665551566873525686661733761878872636157287157675176714568456175312221343453738187565812766214
53655437544681855886218725264445334616457332616662117628583758688486717625215785837236355445834411223
35142525217571646726626341252555641527371278181625643434151421288176223238635144544644623788855343276
35122186114114541326582161852356318142368863767635722215337454653741886726547426642172874884257637188
48423228474487414576756782427166764783414445483582135474573711372533548225321714151185586744713285136
42768864721422284174756838352584248622167647574864585857157366726713235218267723615858867823877617758
13265315136656325174552227646217156854316455887385842676634157846265828363836113886828382626873557271
66152263124168437431263457218216222275446614241234437832137347438161256165514521765646172136346363184
46271658238153747744114736812568615516348123161516616583266571786732887336322587882546168827216514667
11634753253728683153843482611378877555822328947694956598764648367532863166831217111522738877312643336
78523234153417511254788613283425281186684964648795758567998974955231727815741666357665111318156386337
43877722385465847456541183642168886895689995749669584965987984669884476652887583271472153817237111245
32152258274657431312431518245776619549947596645678489495464778865486845215851187785871583618422774457
28127172671453152133325276364867545948894446797778669564445656775444996272578644221442452777453658211
57375483414334768847142413523587657457674677596857779844476575778874594748584235658552366835462748725
17828184676873648161144437814864867655794746586449558875794686594789549974684865184434624264574556874
74335882815717873328725153348478847455888896588945575777865979686574457678748863731727878287417731826
18224411632445762278413281677867687997748479576855677774986756954578586598481173715738844347248143868
48812277186674485388688484844459445888767675845955699677867886759566855955697288112256461375434136252
51525754353138526233653869674975574444979647675644995676687567957696957676978497335634322415841217153
87538136543454476261249648699888495585786696468458597698785767459864559869687476632247768213856714766
45856888452276888452294599855965677586746957644899794767546895786597774849854788581774475777667868268
15112226166217147756469686668566655986885495889869668664974459988757875557998475528166385666343777182
83787553174844233382568578469644677849555789869966798855448488679647768458594649676643653215547368652
58715845115628585676874794796469668969784457767777957657594448759459966448986966854776832822423185731
72324612673355612157477985445746669975544744544687448855787497584749866854499599699964227276732616187
82828813267552251545496978874757595988549667767874469686587454555569654554599945648662717253554618883
68184833231727556474544644485684867467584786497548584766557867948775689867878974697763541621145216142
71866373648843359685849447664447957896877859987987498888795874796568487649695967678446447871458571133
81174417312472379544885769974666997564679794448469965888486784585548586696895799574584485448514876855
78618316746436387654947464749957594857749694776569494744594847479545846459784664484776742748185127654
78633841515751159555689898545694857459548969444578854669654689846889797849687484677845568334227462147
64771554616184984755866456946678467494974898699989448858455687777685685775455878898987855758265634276
66616471177685777986898774684579755459574649594546794794887645995454467544649597955798662133712887377
17276673776566647655987679775786975978656649794774966788755556647877764675458574664589665715668786336
86713845727157667669569598798898444555994944946758879677889984798966545676867566888677959177537456566
84238371183214844986978874757545878964957756764894594587887577499674454859877994646894546884575535213
65317181733449748874649568595497656968457758986795456849555745554674494788867897847865797841843411668
56621334521489897975596596568776459745464698475988897679685697654749557977795548787488597447264261425
65338132578669877549454555998795767999584788448786458677869555764788878944657555559959995883553132574
67117428137294594679994984887649455896458454477776497496757446985484977544944784976674769818486487666
25268377116694498858858748759998794744548657886556789786476684769495999896687664699757899465611524117
43245145573994544575697585449646795685567956497674499576995979488694455689689559779697668467451512452
21677347564659447766548455748575768756945867868555788956674889859798794947786454455465766958237632683
14286568118649774575779865668596995849996996944688977698948886486658978798945968778867466761416767434
16338564663978487856854468976789569557864566699546796677857897755476684784869657967586776442717255122
75232245327995578869747848669788775655467584978974765695875449946484485787747695746588668761344578658
25855375223879678674487958757568896468567478898848498486796469867564448948548665484684865567587766153
28416565237759858588654778469944845949944959677747@65687568555759556779946876998485477545993143583785
82735553527888595656976477967944579598757554574788858658598789565868598877884996597998744893153263354
62227885378599944955466959647667987486879575699975889588955558676959988644574899489595957682274478264
27615365837745757944798447978847764594454565587475696698955676787677997766995756964559998996546134474
63342228533689469757748695478499564776898477874854647479857964896567484876949944499849654747815486325
66615713171576497554744894479977677944979689787894488877869846555798448767668695467767866756753654736
37864231657684557879986848769848499775797646474898945744658977965478789487849778844774587761457758718
61434257626448597446974875596969568885655977569694794866959846784469566656869747877479895555212558188
82154684877978665579899796566759895754888586445668867765777657979687755986488477994759975885863523184
64258532865878645896685448894965557894688686465447967448849948695646875469845798786869895773688456356
43423341176748448677897664575459749445899856655488595457474786747859745948468867974557949812116654722
46332612156789647548494597446646465477974774968846544668467864668864544677849574764774487647447485188
72586556447668956899785865848897647896884546786898575986974555587496668986799946867876997534461444521
51132462532879786678657896969547874959746655669544854857645866578479995886448788555867678762568878328
73615372427539465655497648674744564774477886574694557557967957569555486459999987758876467141265631216
75771364323368887695469646987644898878599649877849868948996496846594976896449955964767656672632464211
25441362464578476894548664655767447998576588578947878774497749978559747988546477576948764526524413537
82881533713671547456858766958847896567544898596976798946997789547685465675764596964944446214445337587
38775214312227688595587765476755996774746765647499869888989798467879774886457577545947582434273383747
65821176885315677968899467544497945796448668944879698567999546446855565787489849988948742173712713784
74623365864876326885845675877685867965745849969979579955555678764688996655648847444786638373441286735
71318247445865468649668884846777949884777656745696958867547846984856487675847698749848735851171775158
31288624812818666546599598658479844794956448776747855476977964687849547486944884897891622815562744824
28881842365342777854999897555977684974998575577459454996576465597846467947694847579643722364253184386
62461785447847838899875644664874875995945547868599489856756996474974645545977564474781738563421164112
36115452735776582889555779454869994974569967994894875469664654847748644764745554696113861115237713555
56482122183683664826768994698594596597589897994977769976586468985857646689745864464728764762288355384
73288862734247251751465874954865489596455876849576574499679547858569586578664799657658125712417183376
55723133253768221188777496987874758656765449644898744659686976994999476578945779447186666644131613733
36876283678377565845535959568495855954949996995778698486566959456884667585594588526837683112566236663
27537288251667688237775949469685768796895979959775687598894798879646569479587587542855343653518683812
45781646271234736357671249886684555767668899968797786854964899695457494676887566634178212857634136484
21383323623853537127163537486984787546446976744444767556954499588875494969982471477347352381442572736
55135731565216386668424634298556689544646847596774564774956879847875986587755245865183187425264744111
74524452282743656483571416827866969974785559895485588568795778458649644564282352372876421327881877237
31513514522512657522323558445798988568584795887687665778688688659769947862145374671267363732611334877
52484758826786341337356574626636686888894949888585984565857594894786586878368162478337667811131578743
83744627265425234543173488421144447954885897797898669968659967456595823346345237646116537875838224435
78274782884467371267366137376254622358479855795475987699446674684747487427524677881173342574353244125
42422415534853653518548127163623476673268966865756568657787467447357453832488237345356663243178333288
38821226637356134374881377743348277848285214666995876549978846581236141123421433482117141147421771855
28665535542443846543314566815462681754471138823621875336583484467528652618778328255242422468836375338
86588316715531184248246731627821344486218633776627316224135337242373684513324227683724673871135256231
56845875567141286685453311735575363314612445358324333475818361551667183618273457538521155663836756318
38747744358255532388518546887143567813167741257627523728123463215478124654828383227643354775524756544
11556847141863321556478443435327316227425278136217667237382326678622187666527577344256721162215228224
23745248547521766856412338478422233168533776312245885817821122462681426244284452446774568422111531344
15381487386245873367771151674485371784287746478561168617714671786875581854341143742515845567274227226
34327732851513367617332773164153514766472883832322343146832668782435682337717134367118738868745131752
34122467623334322277436885586681233231437278141211845862528736765358284177885611455625334576462472413
53641633243235467688566888244766134385736411636553641765821455525173742726833845358411144765642434416