4578566585867456484544755777457846677655577485856555535664357353663776443346736776335553753663635677768777848875556554478585667674667544684556484576775
5665585644558546545446764846658574784466656677656377736734534765573455764365543637775376675746743647445774844764856776475877748747447887584566778886864
6876457575665464455545845747478587447745866666534375444467675564734644464753556555447737735666576637663656444887866658766767574484445567864568467785564
5584784757564546868764444485466855445775877533544576477535753344563446774345665536657446635365573376376557746757688466877558555565465647585745657458888
8677468466775756584478578646878687886566733744646764465746567363767733564544554476735773634576573476474457744644867477675788566486445547867778674877458
5777647777845478877574884778887776858677335547334547465476737765737463577763467635335476675766373636563546353756445444845587855647674867464747577488466
6857587544458576844866755776757544455447357346665756466467766454446754456333673633664653767757657557374654754376435577448847664855746848765744765545676
6485545556886765785866847788665664336333443657647737537446644636534455637543773366677573474567775463665464766557463335748786554787885878865548445488565
5577546776644476565788774865575785543463453775355776576343456665457733567111111147576757363455335433765556656746747757766868748746547888857458888445777
7458884868866546867646775485546656367447674446373546753366676537673441111199999116367365636374474466634457535757537333464555465546744684756444455666554
855586555856765845745588665756455573644676375746565754443737543763747199911S999916436667657453474734536567745573474363537475476875884447667655568765746
8545647677874486647888555888474343346733664673673546654333737536343361999999999913477436644336677543435644447574476367476778446485766675554447666544585
7878547657665488684886687547556634774357475765566566745743544746767371999999999917647647354674774473767375765345565546365364887678887486666886874856648
4466588565767685845657856643563475655643657367463553737463376346333367673999999517544677364533577573443474457536375456767753576478867684644786886554748
8744466867455576645588673347576446576364575365374445737434357674746774574699993713764453454465335734463433735544335534645665657766577878478585764478577
7884475785578547545846746465377366377543766464377754634344644447673543474637364733655457554554773455775365544464374644753553643788687488574475456645866
7464487857867744444674553744755744644546533533337667536767545366537443466365575475736644446454676754556546754647333533373675475466877454777564885774875
5778884786768466668483346377766344567766676634636647337456576456455436744656553366357736567647636465765664775346535557546766653566458444744867668854458
4686544668484678664553474633755435443667476735464546376646346377546363754757363654355575374356654456457343543355764474736677545354787878458866545645857
5487647686476754675573637657777777353546465445546757447657363443567346336336673634567565657563344775747747444354773735656766375545775785655875565647887
8474885487884687777763545733474556356633743756775675665453667336344666335475455364653357353765333454333555347767374553456637336743563587867667748765755
6567585464686668634754736674336636647354675544367744755546744655653546567645664733437746734747335653343574355576634675464747475476334444465656844875844
7464458664578768346636337744534643754463656446474744747655336676636736547634237647445433755665665466365657346674734364565536366554573355755655585785574
8445848845755585563757736374733343473453763667576365637576454677662423643435466332225334735336457677435366455463476474377565336536535736646677484765667
8458787665445636644736566674353633576645446653576665363444537426425243656632653453453255526563444765355477776474667433356346464763355755645465585885448
4867587857866673747753373446347774364346643463656465757553463264442663363656456523535342254546656363656354654744576675774743576553757745354788644466854
4856555544844643735366343563375576644666466335476657666556442464645325646266463262352254333366243655474476364343743363467334653474367576334675475544858
5465784467583363437537333667554467677676475364446333364342543453253544663244465453334626246324464555366474677653435766573533774454373777566745755746557
7447567876654644767443665647364557734536467557766774455666265544254236642455654366245365663533544526546373475675575357364543554346474567343378845578654
8755788846655643435533774453635776657574463473737346645653355622456632222542522225345463554525454343453646664333344764577543435445736765433476765677686
7766848876655537437757776775337345767656646336345554525455435443464366532542625452644254244556222643356343336745356766775653756447573754347335557765788
4557557777573777653443375373465547335634666454243432456563652363562566433224642345642554256526423565342647434575753677464644573763546456476755647484577
8777764883553475573453535463453544677747437632325625353433224455332265544234446256343656353664553532543543675656576763366374546636553633347455877445545
6844475637554466774454463576536447766537346352322336456626254322332256263543432456223363233553655624664445347635357446366743535674747336644477556884566
5857854675773757577734337434743376663343666433343555525455643356642365636544263362364563266334246555524234635376366743563736463746334353633333555458676
5487466737637653644456644744335653737364635546424533422566445226634554663423464262332434433444324653253362226676467376736574743673546736354463365684478
5645856434763653677664365774376546444676426566655363562443543343456422323466555255635463323325565244432232635445576647533747353347576533363665376766768
7776575337556575747765643474553565466446445553224562433664542244653454633624253634426655264664452224254656553352774766367343665454444643653754336758888
6448447674434334344647665355537545355663222656346456262663632426356452646365444253254535233325242323662634535243675336737475776357446367537377733747584
7888575355477734746463575355446463464466366356365326643365562265533552443333535422453266332624332654422552662662335665363373634374633557537337433564446
7844564455657476346457353434536355744634233224332554565524623634355645535636664324624436436636223644364663664232542733476536467757547754356546744566674
8745765576766474457437753633565745352225353546554445333322456346223646244256342662342353343534433432632226366633562667467355575474367554345567736757684
4783736477354435577346444364654435324234366564234246534225643524533346446446234453632453644233335255325225532652264443634456367647746756664354765474648
6653747335744654353736665634575472646255626334336334252545225244546264453446562625236544366322533222446525324343265255637435743673533675453636335365665
4577636556366465465353735653566732366454645264336442254543553434232466243535333563222326545366345254235525262666356363356667663437647467367665546447687
4773556457474353537765445344373564526236452436245633223423235444454543334556456634336242546552562252644634463524266335274533537343357355754637537656675
5777366763373347365473347745535462562446224444526253666452532525662243266546664242366464522244264352556566245352342326237437737533753373345464564533477
5577575653745335334675437363442365424345566453634662463524343363622532655644364434556444435542645356625466554555644634362775635677445746733337555536355
5574536657645355563457736535745544252336422652522452244352642543546356363324224644465465523654524455353354332365622326223456757555747774645677763643376
3453363456533553534657377557656343254434342253253544665433564562325532522454432353653453645264634635664653232365545234254546753353735374367347436536757
7355665634544334547773455434722636624656242625344453653562262543345244523455353354322625646326544444665646663524465355535365753466534457763466354476337
6573463553643457765743653437566634322652244534336625246532335323254343423554323452435524642255534645355546433642533632434556553364736347446365565335556
3553734577346744466357346534225434544566566424244443346662463643524444224455232533543522356523662443424344652552224425222266673665674457337747563473666
5557746345573377547657646755645453325234244666664522554632262423544452535342342532535253523623322435556262464646552244526464653336753565334637337774333
3564776367635447735366355376244526453452365424322266452355345242353255232544543425245345453246334224534622262446336262566225637763343566457677664436777
5534756357454436354735337533423244535224422654365333556522355433554322244453534343423433234525354526634625334543252445446242353533345356355445354774765
3475533754446676633773637465424235332324635435664365555533454323532254532243232343444523242442263663235446444363266352334652576433547333464774765545677
7355765576556433565666435356264662522342456522464352235625332422252544355525244332322533543444254456523332555652632662624632675754357376667357673374673
5666466374437733547666446534253563633663434436624532555524254445555334243222545322425454553325253542326432645646343446446245535334573363475553376557576
3635553453664776373657533342246452344242225526526253365525453235452323423445352532543423532353225455353526652354525623255635537536363646346337763654737
3637777756757655437344365564333352222444453455323253233342534442453323535342253435424235554552542222526335233665253566464643243476554466475445556574457
4554434447537473666463654655522423233355536636543443634422352555525554553245532233455533452235454354234622636562623453336454424654566676566665656537577
3477473657476633567734374465333265342235542233426432525222553335455254253253543433352455555532444346325263543652235452632465333456733567436677644376646
5444573543566636447345432243526253442655654626455652254224445322223542525533225225533534545354243322252255433254325543226524546674453554365633553774473
3354445436633537333357375244323443264564524442626622544435332434222555444454533522544244333432225324542246563345462643452256653343446664454646777434763
5377446435475467654466345324553523356543353422446362454522534234533233242334242224242225423544242235454326435233244266626644543563455764664346654764457
3353333674756575754343665636525365325245244522462362332543453535323524354353253324452444225444534323356434433645462254633422562373647773355363745765366
3475334774363377653537334542326635363662464425463435433252322345332252343522332433234243524242425244222564224425466555532344352476777553555773773764356
3476756464757743366656725354323652666336553545235433223355252542342442445555252433542222232444352533354553333264563652253522223236764666337743763675734
7544444367745673763447423252626345465253644446253225244445532425334243254244543542425355554342325233332442434436526232354456624566577366665734634667776
7636634344563534563436553532546445646322624455225555432243322353223323544554253324452535452523534333532455456523465625366224365645473544565666347637335
3664735777577656474337463234345452565246665634664454422423534223553325225524454225533354422553325535242635664344632322632454245344633546347647633345435
3454653355454333444666544324235232256526556235556444534243344455435244434555222333242332353525525533422425262234663263653446633573544577775655736373554
4665735567555543634363554426344244363445532424563454352534254554253333244433332453452424555452452243232664653335323233534623536573656453554354454547733
7756537435743545677446523526346355644432352623226223534424245432542452222435422254433422432452242525425323663352362423236356523353337576656347444754344
675464355636355656567765652622366255652552352556645342223554454334253554252@442453355442445445222454335666236223623633664553654337563747563743763443437
7653777577377565565377263635646233332263632542454452445345354555525423544499925522422335525522452422332662466335454634622464456336353364776663756576744
4453644767446537433353642323264365364632266242425332253445523222254353425399924425523343543252252535525554644225245632452366644233464664536447373457674
6444734737655735554573443524352266624344243664536423233222423544444354253299954442343423444222322424333456425545434326453543322236547477746655763463656
7635467434635656357665365235342522366246523553363444345325524452525553553599955442243353245444455452342362264226244652553465266366434363357773667645753
5447773663437735647636335564246553233352665244654354324334522242455325253499925355255355252324442525234342446664456624365332253464757674473435546456364
5544776466757565633336442645423646562463523243553223524355432252553324335399953555344442554325223243354352353225445454365654654553455744765534774754773
7343465333433567333755324664262426245553535363523422224225525443552222353599923342452553324332245445554434252344225334246623352436677457674445376464373
3547663764337345553737423623444655644353235432565233553225453343435543454399943335455544522524534342265234426254635546333365246564645656746657755547366
5563544635656654735777655344532244264545363422332333234342253354455335232599952333524233432234453424322333553555444325355422645677435364657575646334753
6573673534756356434765626665424625626566436455446524342445223435332345544499943423254224555423345523626553636326663364562642643243733445564745576664573
4643464476445446545463762432362666524555323336662533433433243553254445452599945545555452355525344253466634342625544232365544545355735555476747635374336
6657444566736533463465535232343363542464623452535246253324524243432253234599923342324223345254232346463224255554664622553452452756735653746454544376434
6743746567436465765634644525564642456254635525465636544452533233452323245299952523253324355255244532325446625353455542432463623755344677535633543645374
4454733333367444747636745645542243522365552333645563444522223533524345443299923325422225424244435363325533532533252534264345232633756344477546666375647
7373643477534345555663443255422232526545644565536524224344543432242245533599952555232424542352243435433523543223326444544666636577457356766474563554347
3336764636745774474546635426262264434523256544323623433225435424424333223499942554343545232543523354563566222553644443653265267663463756376356333644463
6354555474673544563754737623563622624246365643462443352435242242222222535599932522453545333525246543433654243266542525553236666537666477735535477573366
5357753736765645373377553524462536366456352322265335524525343534233232233399923234222345454532523363625444335646426336545345646456565443766336774766453
3365565365774737734456645736242565225236465534324463234453254343445355555399924423543224552323653525362663245453356425535655475445564677575556567356653
4574653566774744554533457645552634454462633433422365236445445344335522222499923542223325525525643453623324245334262664365462244745576446536373744363655
5365536774743657777656373734333323233254636454645555433565553423444555453599945445322552454454563225665422656265456244365242644766335333367456477665666
5536375755635575637445534576666644346436623356422263236344365242332322334299942355354325326322533545553444345655544326434436435576647457557366573645465
3343375734743535477467634535235435636654462644423366444363252224352225335499923242425353445436665346432622364666365453225526467677674755537536337447633
6767676354753777764556666657462634363633565236652265265634335425423224242599932524333346236365325362444446653555643532665245375346754354747535334755746
5656337737673473357444653654633626425244323542625433463245226256545443334299933524222344662424322422454655462464445356563535656363446437666363337466655
3333557444657537634337543667665533456543454253642346636326624224435554343599932453363554663435224554223243236564324426523253566347563554636445565376357
4656554366743677456673633674375323433326655465534553242635436534545655455699932532254424646322523245265265253365424526266737567347346343633475736663636
8564556635666346547354674773574455266423462555652234262533645456366445663699953465343252335244326534564564322546232334466633337343443653557375357734375
8765364375737545574433444774654246444563353456554422453533263353555224346699963454322535522326336363255226645632554244444536434754456343653336764376375
8577734356376363545734653753555433544636566636254526225435263342423633666699964442332254532552533345552255325266336263334343767665577374767464367375747
6536645653367436377757775737446435462224325623253432443523466434266455356499964645432533452333454532542556536423225232343664475347346776534757354733468
6855363334547734667633646374476764535622624225225623235552256333423462644699926644526536566665346564655652533224634623744544734756477477566763364753445
8847665653364365566467773654445663436252224222443443563633664555556622336399925242632462562622256553665466532624545467553757644343443636746767754667647
4645474445376467675456446447673336524562265664665644223524645656534523355399936545656552443264346332524263245422342255373543753347745654776567557575677
5647434347476466643757346456534673555525364235246652354222563262654232353399943345543544263455326235453266454243324736463644676646544756654754757478686
7766746573666755543667657737555635366426326666663623665322533524443632363299923525534635635343664234355256523266244554755465557633545344575565546384867
4567656645433633747575436365567457435542562365644466666564546255444355233699945232556663526643255246653256332635473474546666443557666337733765563745486
4477486747647637574446536353565467434463264343255354462625563252436343222599954554666664252255343464322535546564573736463577656747737357633744733457454
8785883356775566736753545333676754473357266342254633452544644342343532322699954446535535254224355525656522445566464664344557675574744635576744745757568
6546745773566537665345744745544357644343563544442642332262623633423636565699965462266343525532543336442666246536543344744756444553375566753544634786787
8864854363543444453456456434363665657763452255363655543636622555623323633299954244433566653425523363462363256464566345356573675566773554343365656665547
7866458767553673547466374647367747357636675464624446355552634233644464362399943633423324642266624224233535646466447577554436657654457337575354778475864
4887688555533635575774643647576333566463374333424425455642566664423625262699946642636655322255632625554255546743435373566657347557345556366557465555658
8465466865365745344376636776764744354775746566622266334652626423665645524399965452465524355452662656446356577764657536453555636366743554733777755646867
8458746668536563766366665675463656767535764535363625323543626425244453236499955645652452643352443632244336777743635657346743637333634663546677558787776
6554568674446753436676443776745743346474573676653245265236354536644225434599955664434432523633456632263447544556343743335573663545463763745446745867755
8764784458833435435735757643747563464656653576646755234533662636464622453599963555246545334554543224745667777575534433735676565765344665373588876575467
7474645777874734733363663356675734463633345457475347556655356263625353253499933565625365566236632675345367444434454346576764766664673463365658487675484
8677456648467774673367763534376355653456754655635566674534346366632264633699952525664625563423357345755446464567564374764473736657334333657886577747677
8858454656575776555534536774444675676535757754667345634544664326355535445499965443626354626453535355743753333535445534456537367664464434554577778645464
4574867484585835377665436575744673574646764676756335356445463646464533623499963622234336537367363477633465557455335575745657773366576655384646465454448
4867588766446673345764773756543555565474466437767463637634635553645255535399945243465647646435656346736456545554676337536445346356447733584865565464544
5778648747584858336347446656636363663754373775547467666646353766645376566699966666477367545646743467353756437636346454734333453777443738474854777766846
5486454744445566557457555744764773356453465364767543654454457436463655345399943646553777765535465733354364363346577636536556376375475365457674578684586
5444784457484754857346767773756336635436567764734545663377744374434646374699954457735644574336475646466543344334734557746373736763755586684448888778687
5686774474745757487476636563564576364553467557433754563446667356733437477499937546475575545634563453336577376665453633655565366747768886674675784888487
4466475586877468587477733336733433676377653744534433477663733377776733476499944334434546354443476373575476565745537344665577456376555468564685675758566
7866877585556464557587775356447337744654764435747433376636657775445374343599935474667354473333377737534753565563777433675553564474687667458487845775655
6545685684444544767788776533773433346355536544476573564336666775766736546699956477536734434444567354376665676445674545544447447666688675647887545684444
8744544884757585866445734465653466347475665374466445334367543333437535343399934534757634365763777355445564734474433763457567377766766675844465744468485
7578886554774655756488663557673643743456367544436635775633456775776565375799973433747353563457743466543754665647664577546654465547478566676654888564844
5445844484647457687468445633566333446636766343667777763746346545564766367799966366463767767533443756774554366676353736655466764774685566446448475486865
4547865787544558548758465676373644635645336673537456636735567777375475477799934466747657747447774474444766634443664736637443857786466575484747856778775
4657776484875474485655586644444764374367473456463346333776664775666677466399936636764436577745633633753534655536446567674557464585688555564464747787577
5666764477777778568478656686445575433674476465456554354766535734454445646399976376376365747574655537364663575374376547544846645558678476756684866846485
8476785568466778578454788785847576774776453743767466637647653476363767775399964636354744436577655666644674375546374675658857767758477447654786777877874
7644468548546656647865466765654556635533434474345773346476733673775643545599943633557756766666373577574463766473434677555675875868486466474887867448747
4656467756686874447784876575468484766636765737776565453673373355634367466699976734577776544736355533674774764746754748746478557447678476887547888677866
4474674567665764475646868447668668763475567567747667333563746655466335756499945666575376347566754455754746534775673566565658745468868588448686747546878
8586576847745786855476745876564788544534436363435756574447354643537566465399933447443566675547764757746566564336666777457654588887868554448747757857848
7844445664654578644456647587878666556686357767663433455453454777446636354799955363354373745435535455674376773657645764857556867864878487447758845784846
5775867764847564458687448755545846554778846465346466737543443533456777447399965476753477557556354574474446376768785485555787657864878557565847646856877
4476454557864686765644857457875687765767858777674633446475343474374353776399964635554774443533756543456376357455787856566578766847665756885456776677654
4547566646666445445788788648784875646467666666655377657447475653675654366499965367536377467665367367553766557848666545578858666486878758665845674878564
4654665845464586658544657558755668454648875746578333635533735334554545553399966753763755536353656463466668744587878878544846768658864654864687577858574